1223,0,1,4,2
1224,0,1,4,1
1225,0,1,4,2
1226,0,1,4,2
1227,0,1,4,1
1229,0,0,4,1
1230,0,1,4,1
1231,0,1,4,1
1233,0,1,4,1
1234,0,1,4,1
1235,0,1,4,1
1236,0,1,4,1
1237,0,1,4,1
1238,0,1,4,1
1239,0,1,4,1
1240,0,1,4,1
1241,0,1,4,1
1242,0,1,4,1
1243,0,1,4,1
1244,0,1,4,1
1245,0,1,4,1
1246,0,1,4,1
1247,0,1,4,1
1248,0,1,4,1
1249,0,1,4,0
1250,0,1,4,1
1251,0,1,4,1
1252,1,1,4,2
1253,0,1,4,1
1254,0,1,4,1
1255,0,1,4,1
1256,1,1,4,1
1257,1,1,4,1
1258,0,1,4,2
1259,0,1,4,2
1260,0,1,4,2
1261,0,1,4,2
1262,1,1,4,2
1263,0,1,4,2
1264,0,1,4,2
1265,0,1,4,2
1266,0,1,4,2
1267,0,1,4,1
1268,0,1,4,2
1269,0,3,4,1
1270,0,3,4,1
1271,0,1,4,2
1272,0,1,4,2
1273,0,1,4,1
1274,0,1,4,1
1275,0,1,4,2
1276,0,1,4,0
1277,0,1,4,2
1278,0,1,4,2
1279,0,1,4,1
1280,0,1,4,1
1281,0,1,4,2
1282,0,1,4,2
1283,1,0,4,2
1284,0,1,4,2
1285,1,3,4,2
1286,1,0,4,2
1287,0,1,4,2
1288,0,1,4,2
1289,0,1,4,2
1290,0,1,4,2
1291,0,1,4,2
1292,0,1,4,1
1293,0,1,4,2
1294,0,1,4,2
1295,0,1,4,2
1296,0,1,4,1
1297,1,1,4,1
1298,1,3,2,2
1299,0,1,4,2
1300,0,1,4,1
1301,0,1,4,2
1302,0,1,4,2
1303,1,1,4,1
1304,0,3,4,1
1305,0,3,4,1
1306,0,1,4,1
1307,0,1,4,1
1308,0,3,4,1
1309,1,3,4,2
1310,0,1,4,1
1311,0,1,4,1
1312,0,3,4,2
1313,0,1,4,2
1314,0,1,4,1
1315,0,1,4,1
1316,0,1,4,1
1317,0,3,4,1
1318,0,1,4,1
1319,0,1,4,1
1320,0,1,4,1
1321,0,1,4,2
1322,1,3,4,1
1323,0,1,4,2
1324,0,1,4,1
1325,0,1,4,2
1326,0,1,4,1
1327,0,1,4,1
1328,0,1,4,2
1329,0,1,4,1
1330,0,1,4,1
1331,0,1,4,1
1332,0,1,4,1
1333,0,1,4,2
1334,0,1,0,2
1335,1,0,4,1
1336,0,1,4,1
1337,0,1,4,2
1338,0,1,4,1
1339,0,1,4,1
1340,0,1,4,1
1341,0,1,4,1
1342,0,1,4,2
1343,1,1,4,2
1344,0,1,4,2
1345,1,1,4,2
1346,0,1,4,2
1347,0,1,4,2
1348,0,1,4,0
1349,0,1,4,2
1350,0,1,4,2
1351,0,1,4,1
1352,1,1,4,1
1353,1,1,4,1
1354,1,1,4,2
1355,1,3,4,2
1356,0,1,4,1
1357,0,1,4,1
1358,0,1,4,2
1359,0,1,4,2
1360,0,1,1,2
1361,0,1,1,1
1362,0,1,1,1
1363,1,1,4,2
1364,1,1,4,1
1365,0,1,4,2
1366,1,3,4,2
1367,0,1,4,1
1368,1,1,4,1
1369,0,1,4,1
1370,0,1,4,1
1371,1,1,4,2
1372,1,1,4,2
1373,0,1,4,1
1374,1,0,4,2
1375,1,1,4,1
1376,1,1,4,1
1377,0,1,4,2
1378,0,1,4,2
1379,1,1,4,2
1380,0,1,4,2
1381,1,3,4,2
1382,1,3,4,2
1383,1,1,4,1
1384,1,1,4,2
1385,1,1,4,1
1386,1,1,4,0
1387,1,1,4,2
1388,1,1,4,1
1389,0,1,4,2
1390,0,1,4,2
1391,0,1,4,2
1392,0,1,4,2
1393,1,1,4,1
1394,0,1,4,1
1395,1,1,4,1
1396,1,1,4,1
1397,1,1,4,1
1398,0,1,4,1
1399,0,1,4,1
1400,1,1,4,1
1401,1,1,4,2
1402,0,1,4,2
1403,0,1,4,2
1404,1,1,4,2
1405,0,1,4,2
1406,0,0,4,2
1407,1,1,4,2
1408,0,1,4,2
1409,0,1,4,2
1410,1,1,4,2
1411,1,1,4,2
1412,1,1,4,2
1413,1,1,4,2
1414,0,1,4,2
1415,1,1,4,2
1416,0,1,4,2
1417,0,1,4,2
1418,1,1,4,2
1419,0,1,4,2
1420,1,1,4,2
1421,0,1,4,2
1422,1,1,4,2
1423,1,1,4,2
1424,1,1,4,0
1425,0,3,2,2
1426,0,1,4,2
1427,0,1,4,2
1428,1,1,4,2
1429,0,1,4,1
1430,0,1,4,2
1431,1,1,4,1
1432,0,1,4,0
1433,1,3,4,2
1434,1,1,4,2
1435,1,1,4,2
1436,1,1,4,2
1437,1,1,4,2
1438,1,1,4,1
1439,1,1,4,1
1440,1,1,4,2
1441,1,3,4,2
1442,1,1,4,2
1443,1,1,4,1
1444,1,1,4,2
1445,1,1,4,1
1446,0,1,4,1
1447,1,1,4,1
1448,1,1,4,1
1449,1,1,4,2
1450,1,3,4,1
1451,0,1,4,1
1452,0,1,4,1
1453,0,1,4,0
1454,0,1,4,2
1455,0,1,4,2
1456,1,1,4,1
1457,1,1,4,2
1458,1,3,4,2
1459,1,3,4,2
1460,1,3,4,2
1461,0,3,4,1
1462,0,1,4,1
1463,1,1,4,2
1464,1,1,4,2
1465,0,1,4,1
1466,1,1,4,1
1467,1,1,4,2
1468,0,1,4,2
1469,0,1,4,1
1470,1,3,4,2
1471,1,3,4,2
1472,1,3,4,2
1473,1,3,4,2
1474,0,3,4,1
1475,0,3,4,2
1476,1,3,4,2
1477,1,3,4,1
1478,0,1,4,1
1479,1,0,4,1
1480,0,0,4,2
1481,1,3,4,1
1482,1,3,4,2
1483,1,3,4,1
1484,0,3,4,2
1485,1,3,4,2
1486,1,3,4,0
1487,1,3,4,2
1488,1,3,4,2
1489,1,3,4,1
1490,1,1,4,2
1491,0,3,4,2
1492,1,1,4,2
1493,1,0,4,2
1494,0,1,4,2
1495,1,3,4,2
1496,1,3,4,2
1497,0,3,4,2
1498,0,3,4,2
1499,1,0,4,2
1500,1,0,4,2
1501,0,1,4,1
1502,1,3,4,2
1503,0,3,4,2
1504,1,3,4,2
1505,0,3,4,2
1506,1,1,4,1
1507,1,3,4,2
1508,1,3,4,2
1509,0,3,4,2
1510,1,1,4,2
1511,1,1,4,2
1512,1,1,4,2
1513,1,1,4,2
1514,1,1,4,2
1515,1,1,4,2
1516,1,1,4,2
1517,1,1,4,2
1518,1,1,4,2
1519,1,1,4,1
1520,0,1,4,2
1521,1,1,4,2
1522,0,1,4,2
1523,0,1,4,1
1524,1,3,4,1
1525,0,3,4,2
1526,1,3,4,2
1527,0,3,4,2
1528,1,3,4,1
1529,1,3,0,2
1530,0,3,4,2
1531,1,3,4,2
1532,1,3,4,2
1533,1,3,4,2
1534,1,3,4,1
1535,1,3,4,1
1536,1,3,4,2
1537,0,3,4,2
1538,1,0,4,1
1539,1,3,4,1
1540,0,3,4,1
1541,1,3,4,2
1542,1,3,4,2
1543,1,3,4,1
1544,1,3,4,1
1545,1,1,4,2
1546,1,3,4,2
1547,1,3,4,1
1548,1,3,4,1
1549,0,3,4,2
1550,0,3,4,2
1551,1,3,1,2
1552,1,3,2,2
1553,0,3,0,1
1554,0,3,4,2
1555,0,3,0,1
1556,0,3,0,1
1557,1,3,4,1
1558,1,3,4,1
1559,1,1,4,2
1560,0,3,4,1
1561,0,3,4,1
1562,1,0,4,1
1563,0,1,4,1
1564,0,1,4,1
1565,0,1,4,1
1566,0,1,4,1
1567,0,3,4,1
1568,0,3,4,1
1569,1,0,4,1
1570,0,3,4,1
1571,0,3,4,1
1572,0,3,4,1
1573,1,0,4,1
1574,0,3,4,1
1575,0,3,4,1
1576,0,3,4,1
1577,0,3,4,1
1578,0,3,4,1
1579,0,3,4,2
1580,0,3,4,1
1581,1,3,4,2
1582,0,3,4,1
1583,0,3,4,0
1584,0,3,4,2
1585,1,0,4,1
1586,0,3,4,1
1587,0,0,4,1
1588,0,3,4,1
1589,0,0,4,2
1590,0,0,4,2
1591,0,3,4,1
1592,0,3,4,2
1593,0,3,4,2
1594,0,3,4,0
1595,0,3,4,1
1596,0,3,4,1
1597,0,3,4,2
1598,0,3,4,2
1599,0,3,4,2
1600,0,3,4,2
1601,0,3,4,2
1602,0,3,4,2
1603,0,3,4,2
1604,1,3,4,2
1605,0,3,4,1
1606,1,3,4,2
1607,0,3,4,1
1608,0,3,4,1
1609,0,3,4,2
1610,0,3,2,1
1611,1,3,4,1
1612,0,1,4,1
1613,0,3,4,1
1614,0,3,4,1
1615,1,3,4,2
1616,0,3,4,2
1617,0,3,4,2
1618,0,3,4,2
1619,0,3,4,2
1620,1,3,4,2
1621,0,3,4,2
1622,1,3,4,2
1623,0,3,4,2
1624,0,3,4,2
1625,0,3,4,2
1626,0,3,4,2
1627,1,3,4,2
1628,0,3,4,2
1629,1,3,4,2
1630,0,3,4,2
1631,1,3,4,2
1632,0,3,4,0
1633,0,3,4,2
1634,0,3,4,2
1635,0,3,4,2
1636,0,3,4,2
1637,0,3,4,2
1638,0,3,4,2
1639,0,1,4,2
1640,1,3,4,1
1641,0,3,4,2
1642,0,3,4,2
1643,1,3,4,2
1644,0,3,4,2
1645,0,3,4,2
1646,0,3,4,1
1647,0,3,4,2
1648,1,3,4,2
1649,1,3,4,2
1650,1,3,4,2
1651,0,3,4,1
1652,0,3,4,1
1653,1,3,3,2
1654,0,3,4,2
1655,1,0,4,2
1656,1,3,4,2
1657,0,0,4,1
1658,0,0,4,1
1659,0,0,4,2
1660,1,0,4,1
1661,0,3,4,1
1662,0,3,4,1
1663,0,3,4,2
1664,0,0,4,2
1665,0,0,4,1
1666,0,0,4,1
1667,0,0,4,1
1668,1,3,4,1
1669,1,3,4,1
1670,0,3,4,0
1671,1,0,4,0
1672,0,3,4,1
1673,0,0,4,1
1674,1,0,4,2
1675,1,0,4,2
1676,0,3,4,1
1677,0,3,4,1
1678,1,3,4,1
1679,0,3,4,2
1680,0,3,4,1
1681,0,3,4,2
1682,0,3,4,1
1683,0,3,4,1
1684,0,3,4,1
1685,1,0,4,2
1686,0,0,4,2
1687,0,3,4,2
1688,0,0,4,2
1689,0,3,4,2
1690,0,3,4,2
1691,0,3,2,2
1692,0,0,4,1
1693,0,0,4,1
1694,1,0,2,2
1695,0,0,4,1
1696,0,0,4,1
1697,0,0,4,1
1698,0,0,4,2
1699,0,0,4,1
1700,1,0,4,1
1701,0,0,4,1
1702,0,3,4,1
1703,0,0,4,2
1704,0,0,4,2
1705,0,0,4,1
1706,1,0,4,2
1707,0,0,4,1
1708,0,0,4,1
1709,0,3,4,2
1710,0,3,4,2
1711,0,3,4,2
1712,1,0,4,2
1713,0,3,4,2
1714,0,0,4,1
1715,1,0,4,1
1716,0,0,4,2
1717,1,0,4,1
1718,1,0,4,1
1719,1,0,4,2
1720,0,0,4,2
1721,0,0,4,2
1722,0,3,4,2
1723,0,0,4,1
1724,1,0,4,2
1725,0,3,4,2
1726,0,3,4,1
1727,1,0,4,1
1728,0,0,0,2
1729,0,3,4,1
1730,1,0,4,1
1731,1,0,4,1
1732,1,0,4,2
1733,1,3,4,2
1734,1,0,4,1
1735,1,3,0,2
1736,0,3,4,2
1737,0,3,4,1
1738,0,3,4,2
1739,1,0,4,1
1740,1,0,4,1
1741,1,3,4,1
1742,1,3,4,2
1743,1,0,4,2
1744,1,3,4,1
1745,1,3,4,2
1746,1,0,4,2
1747,1,3,4,2
1748,1,0,4,2
1749,1,3,4,2
1750,0,3,4,2
1751,1,3,4,2
1752,1,3,4,2
1753,1,3,4,2
1754,1,0,4,2
1755,1,3,4,2
1756,1,3,4,2
1757,1,3,4,2
1758,1,3,4,2
1759,1,3,4,2
1760,0,3,4,2
1761,1,3,4,2
1762,1,3,4,1
1763,1,3,4,1
1764,1,0,4,2
1765,1,3,4,1
1766,0,3,4,1
1767,1,0,4,2
1768,0,0,4,1
1769,1,0,4,1
1770,1,3,4,1
1771,1,3,4,1
1772,1,3,4,1
1773,1,3,4,1
1774,1,3,4,1
1775,1,0,4,1
1776,1,3,4,1
1777,1,3,4,2
1778,1,0,4,2
1779,1,0,4,2
1780,1,3,4,2
1781,1,3,4,2
1782,1,3,4,2
1783,1,3,4,1
1784,1,0,4,2
1785,1,3,4,2
1786,1,3,4,2
1787,1,3,4,1
1788,1,3,4,2
1789,1,3,4,2
1790,1,0,4,2
1791,1,3,4,2
1792,1,3,4,2
1793,1,3,4,2
1794,0,3,4,2
1795,1,3,4,2
1796,1,3,4,2
1797,1,0,4,2
1798,0,3,4,2
1799,0,3,4,2
1800,1,3,4,2
1801,1,3,4,2
1802,1,3,4,2
1803,1,0,4,2
1804,1,0,4,2
1805,1,3,4,2
1806,1,0,4,2
1807,1,0,4,2
1809,0,0,4,2
1810,1,0,4,2
1811,1,0,4,2
1812,0,0,4,2
1813,1,0,4,2
1814,1,0,4,2
1815,1,0,4,2
1816,1,0,4,2
1817,1,0,4,2
1818,1,0,4,2
1819,1,0,4,1
1820,1,0,4,1
1821,1,0,4,2
1822,1,0,4,2
1823,1,0,4,2
1824,1,0,4,2
1825,1,3,4,2
1826,1,0,4,2
1827,1,0,4,2
1828,1,0,4,2
1829,1,0,4,2
1830,1,0,4,2
1831,1,0,4,2
1832,1,0,4,2
1833,0,0,4,1
1834,0,3,4,1
1835,1,0,4,2
1836,0,3,4,2
1837,1,0,4,1
1838,1,3,4,2
1839,1,3,4,2
1840,1,0,4,2
1841,1,3,4,2
1842,1,0,4,2
1843,1,0,4,2
1844,1,0,4,2
1845,1,0,4,2
1846,1,0,4,2
1847,1,0,4,1
1848,0,0,4,2
1849,0,0,4,2
1850,1,0,4,2
1851,1,0,4,2
1852,1,0,4,2
1853,1,0,4,2
1854,1,3,4,1
1855,1,0,4,2
1856,0,0,4,2
1857,1,3,4,2
1858,1,0,4,1
1859,1,0,4,1
1860,1,0,4,2
1861,1,0,4,2
1862,1,0,4,2
1863,0,3,4,1
1864,1,0,4,2
1865,1,3,4,2
1866,0,0,4,1
1867,1,0,4,2
1868,1,0,4,1
1869,1,0,4,1
1870,1,0,4,2
1871,1,0,4,2
1872,1,0,4,2
1873,1,0,4,1
1874,1,0,4,2
1875,1,0,4,1
1876,1,0,4,2
1877,1,0,4,1
1878,1,0,4,2
1879,1,0,4,2
1880,1,0,4,2
1881,1,0,4,2
1882,1,0,4,2
1883,0,0,1,2
1884,0,0,0,2
1885,0,0,4,2
1886,0,0,4,1
1887,0,0,4,2
1888,0,0,4,2
1889,0,0,4,1
1890,1,0,4,1
1891,0,0,4,1
1892,0,0,4,1
1893,0,0,4,1
1894,0,0,4,2
1895,0,0,4,1
1896,0,0,4,1
1897,0,0,4,1
1898,0,0,4,0
1899,0,0,4,1
1900,0,0,4,1
1901,0,0,4,2
1902,0,0,4,2
1903,0,0,4,2
1904,0,0,4,1
1905,0,0,4,1
1906,0,0,4,1
1907,0,0,4,1
1908,0,0,4,1
1909,0,0,4,2
1910,0,0,4,1
1911,0,0,4,1
1912,0,0,4,1
1913,0,0,4,2
1914,0,0,4,1
1915,0,0,4,1
1916,0,0,4,1
1917,0,0,4,1
1918,0,0,4,1
1919,0,0,4,1
1920,0,0,4,2
1921,0,0,4,1
1922,0,0,4,2
1923,0,0,4,1
1924,0,0,4,1
1925,0,0,4,1
1926,0,0,4,2
1927,0,0,4,1
1928,0,0,4,1
1929,0,0,4,2
1930,0,0,4,2
1931,0,0,4,1
1932,0,0,4,1
1933,0,0,4,2
1934,0,0,4,1
1935,0,0,4,1
1936,0,0,4,1
1937,0,0,4,1
1938,0,0,4,1
1939,0,0,4,2
1940,0,0,4,1
1941,0,0,4,1
1942,0,0,4,2
1943,0,0,4,1
1944,0,0,4,2
1945,0,0,4,1
1946,0,0,4,1
1947,0,0,4,1
1948,0,0,4,1
1949,0,0,4,0
1950,0,0,4,1
1951,0,0,4,1
1952,0,0,4,1
1953,0,0,4,1
1954,0,0,4,0
1955,0,0,4,2
1956,0,0,4,2
1957,0,0,4,1
1958,0,0,4,1
1959,0,0,4,1
1960,0,0,4,2
1961,0,0,4,1
1962,0,0,4,1
1963,0,0,4,2
1964,0,0,4,1
1965,0,0,4,2
1966,0,0,4,1
1967,0,0,4,1
1968,0,0,4,1
1969,0,0,4,1
1970,0,0,4,1
1971,0,0,4,2
1972,1,0,4,1
1973,1,0,4,1
1974,1,0,4,1
1975,0,0,4,2
1976,0,0,4,2
1977,0,0,4,2
1978,0,0,4,1
1979,0,0,4,1
1980,0,0,4,1
1981,0,0,4,1
1982,0,0,4,1
1983,0,0,4,1
1984,0,0,4,1
1985,0,0,4,1
1986,0,0,4,1
1987,0,0,4,2
1988,1,0,3,2
1989,0,0,4,1
1990,0,0,4,1
1991,0,0,4,1
1992,0,0,4,1
1993,0,0,4,2
1994,0,0,4,1
1995,0,0,4,2
1996,0,0,4,2
1997,0,0,4,2
1998,0,0,4,2
1999,0,0,4,2
2000,0,0,4,2
2001,0,0,4,2
2002,0,0,4,1
2003,0,0,4,1
2004,0,0,4,1
2005,1,0,4,1
2006,0,0,4,1
2007,0,0,4,2
2008,0,0,4,1
2009,0,0,4,1
2010,0,0,4,2
2011,0,0,4,1
2012,0,0,4,1
2013,0,0,4,1
2014,0,0,4,1
2015,0,0,4,2
2016,0,0,4,2
2017,0,0,4,1
2018,0,0,4,1
2019,0,0,4,1
2020,0,0,4,1
2021,0,0,4,1
2022,0,0,4,2
2023,0,0,4,1
2024,0,0,4,1
2025,0,0,4,1
2026,1,0,4,1
2027,0,0,4,2
2028,0,0,4,1
2029,0,0,4,1
2030,0,0,4,1
2031,0,0,4,2
2032,0,0,4,2
2033,0,0,4,2
2034,0,0,4,2
2035,0,0,4,1
2036,0,0,4,2
2037,0,0,4,1
2038,0,0,4,1
2039,0,0,4,1
2040,0,0,4,1
2041,0,0,4,1
2042,0,0,4,1
2043,0,0,4,1
2044,0,0,4,2
2045,0,0,4,2
2046,0,0,4,1
2047,0,0,4,1
2048,0,0,4,2
2049,0,0,4,1
2050,0,0,4,2
2051,0,0,4,2
2052,0,0,4,1
2053,0,0,4,1
2054,0,0,4,1
2055,0,0,4,2
2056,0,0,4,2
2057,0,0,4,2
2058,0,0,4,1
2059,0,0,4,1
2060,0,0,4,1
2061,0,0,4,1
2062,0,0,4,1
2063,0,0,4,1
2064,0,0,4,2
2065,0,0,4,2
2066,0,0,4,1
2067,0,0,4,2
2068,0,0,4,2
2069,0,0,4,1
2070,0,0,4,2
2071,0,0,4,2
2072,0,0,4,1
2073,0,0,4,1
2074,0,0,4,2
2075,0,0,4,2
2076,0,0,4,1
2077,0,0,4,1
2078,0,0,4,2
2079,0,0,4,2
2080,0,0,4,2
2081,0,0,4,1
2082,0,0,4,2
2083,0,0,4,2
2084,0,0,4,2
2085,0,0,4,2
2086,0,0,4,2
2087,0,0,4,1
2088,0,0,4,2
2089,0,0,4,2
2090,0,0,4,2
2091,0,0,4,2
2092,0,0,4,1
2093,0,0,4,2
2094,0,0,4,2
2095,0,0,4,1
2096,0,0,4,1
2097,0,0,4,2
2098,0,0,4,2
2099,0,0,4,1
2100,0,0,4,1
2101,0,0,4,1
2102,0,0,4,1
2103,0,0,4,1
2104,0,0,4,1
2105,0,0,4,1
2106,0,0,4,1
2107,0,0,4,2
2108,0,0,4,2
2109,0,0,4,2
2110,0,0,4,1
2111,0,0,4,1
2112,0,0,4,2
2113,0,0,4,2
2114,0,0,4,1
2115,0,0,4,1
2116,0,0,4,2
2117,0,0,4,2
2118,0,0,4,2
2119,0,0,4,1
2120,0,0,4,2
2121,0,0,4,2
2122,0,0,4,2
2123,0,0,4,2
2124,0,0,4,2
2125,0,0,4,1
2126,0,0,4,2
2127,0,0,4,2
2128,0,0,4,2
2129,0,0,4,2
2130,0,0,4,1
2131,0,0,4,2
2132,0,0,4,2
2133,0,0,4,1
2134,0,0,4,1
2135,0,0,4,2
2136,0,0,4,2
2137,0,0,4,2
2138,0,0,4,1
2139,0,0,4,1
2140,0,0,4,1
2141,0,0,4,2
2142,0,0,4,2
2143,0,0,4,2
2144,0,0,4,1
2145,0,0,4,2
2146,0,0,4,2
2147,0,0,4,1
2148,1,0,4,2
2149,1,0,4,2
2150,0,0,4,2
2151,0,0,4,1
2152,0,0,4,1
2153,0,0,4,2
2154,0,0,4,1
2155,0,0,4,1
2156,0,0,4,2
2157,0,0,4,2
2158,0,0,4,2
2159,0,0,4,2
2160,0,0,4,1
2161,0,0,4,1
2162,0,0,4,2
2163,0,0,4,1
2164,1,0,4,2
2165,0,0,4,2
2166,0,0,4,2
2167,0,0,4,2
2168,0,0,4,2
2169,0,0,4,1
2170,0,0,4,2
2171,0,0,4,2
2172,0,0,4,1
2173,1,0,4,1
2174,1,0,4,2
2175,0,0,4,2
2176,0,0,4,1
2177,0,0,4,1
2178,0,0,4,2
2179,0,0,4,1
2180,0,0,4,2
2181,1,0,4,2
2182,1,0,4,1
2183,0,0,4,2
2184,0,0,4,1
2185,0,0,4,1
2186,0,0,4,1
2187,0,0,4,2
2188,0,0,4,1
2189,0,0,4,2
2190,0,0,4,2
2191,0,0,4,2
2192,0,0,4,1
2193,0,0,4,2
2194,0,0,4,1
2195,0,0,4,1
2196,0,0,4,2
2197,0,0,4,1
2198,0,0,4,2
2199,0,0,4,2
2200,0,0,4,1
2201,0,0,4,2
2202,0,0,4,2
2203,0,0,4,0
2204,0,0,4,0
2205,0,0,4,1
2206,0,0,4,1
2207,0,0,4,2
2208,0,0,4,0
2209,0,0,4,0
2210,0,0,4,0
2211,0,0,4,1
2212,0,0,4,1
2213,0,0,4,1
2214,0,0,4,2
2215,0,0,4,1
2216,0,0,4,0
2217,1,0,4,1
2218,1,0,4,2
2219,0,0,4,2
2220,0,0,4,2
2221,0,0,4,2
2222,0,0,4,1
2223,0,0,4,2
2224,0,0,4,1
2225,0,0,4,1
2226,0,0,4,2
2227,0,0,4,2
2228,0,0,4,2
2229,0,0,4,2
2230,0,0,4,2
2231,0,0,4,2
2232,0,0,4,1
2233,0,0,4,2
2234,0,0,4,1
2235,0,0,4,2
2236,0,0,4,2
2237,0,0,4,1
2238,0,0,4,2
2239,0,0,4,1
2240,0,0,4,1
2241,1,0,4,1
2242,0,0,4,2
2243,0,0,4,1
2244,0,0,4,2
2245,1,0,4,2
2246,0,0,4,1
2247,0,0,4,1
2248,0,0,4,2
2249,0,0,4,2
2250,0,0,4,2
2251,0,0,4,2
2252,0,0,4,2
2253,0,0,4,1
2254,0,0,4,1
2255,0,0,4,1
2256,0,0,4,2
2257,0,0,4,2
2258,0,0,4,2
2259,0,0,4,2
2260,0,0,4,1
2261,0,0,4,1
2262,0,0,4,1
2263,0,0,4,2
2264,0,0,4,1
2265,0,0,4,1
2266,0,0,4,2
2267,0,0,4,2
2268,0,0,4,1
2269,0,0,4,1
2270,0,0,4,1
2271,0,0,4,1
2272,0,0,4,2
2273,0,0,4,1
2274,0,0,4,1
2275,0,0,4,2
2276,0,0,4,1
2277,0,0,4,2
2278,0,0,4,2
2279,0,0,4,1
2280,0,0,4,2
2281,0,0,4,2
2282,0,0,4,1
2283,0,0,4,1
2284,0,0,4,2
2285,0,0,4,2
2286,0,0,4,2
2287,0,0,4,2
2288,0,0,4,2
2289,0,0,4,1
2290,0,0,4,2
2291,0,0,4,1
2292,0,0,4,2
2293,0,0,4,1
2294,0,0,4,2
2295,0,0,4,1
2296,0,0,4,2
2297,0,0,4,1
2298,0,0,4,1
2299,0,0,4,1
2300,0,0,4,1
2301,0,0,4,1
2302,0,0,4,1
2303,0,0,4,2
2304,0,0,4,2
2305,0,0,4,2
2306,0,0,4,1
2307,0,0,4,1
2308,0,0,4,1
2309,0,0,4,2
2310,0,0,4,1
2311,0,0,4,1
2312,0,0,4,1
2313,0,0,4,1
2314,0,0,4,1
2315,0,0,4,1
2316,0,0,4,2
2317,0,0,4,1
2318,0,0,4,1
2319,0,0,4,2
2320,0,0,4,2
2321,0,0,4,1
2322,0,0,4,1
2323,0,0,4,2
2324,0,0,4,1
2325,0,0,4,2
2326,0,0,4,1
2327,0,0,4,2
2328,0,0,4,1
2329,0,0,4,1
2330,0,0,4,1
2331,0,0,4,1
2332,0,0,4,1
2333,0,0,4,2
2334,0,0,4,1
2335,0,0,4,2
2336,0,0,4,1
2337,0,0,4,2
2338,0,0,4,2
2339,0,0,4,1
2340,0,0,4,2
2341,0,0,4,1
2342,0,0,4,2
2343,0,0,4,2
2344,0,0,4,1
2345,0,0,4,1
2346,0,0,4,1
2347,0,0,4,2
2348,0,0,4,2
2349,0,0,4,2
2350,0,0,4,1
2351,0,0,4,2
2352,0,0,4,1
2353,0,0,4,1
2354,0,0,4,1
2355,0,0,4,1
2356,0,0,4,1
2357,0,0,4,2
2358,0,0,4,1
2359,0,0,4,2
2360,0,0,4,2
2361,0,0,4,1
2362,0,0,4,2
2363,0,0,4,2
2364,0,0,4,1
2365,0,0,4,1
2366,0,0,4,1
2367,0,0,4,1
2368,0,0,4,2
2369,0,0,4,2
2370,0,0,4,2
2371,0,0,4,1
2372,0,0,4,1
2373,0,0,4,1
2374,0,0,4,2
2375,0,0,4,1
2376,0,0,4,1
2377,0,0,4,2
2378,0,0,4,2
2379,0,0,4,0
2380,0,0,4,1
2381,0,0,4,2
2382,0,0,4,2
2383,0,0,4,1
2384,0,0,4,1
2385,0,0,4,2
2386,0,0,4,1
2387,0,0,4,1
2388,0,0,4,1
2389,0,0,4,1
2390,0,0,4,1
2391,0,0,3,2
2392,0,0,4,2
2393,0,0,4,1
2394,0,0,2,1
2395,0,0,4,1
2396,0,0,4,2
2397,0,0,4,1
2398,0,0,4,2
2399,0,0,4,1
2400,0,0,4,1
2401,0,0,4,1
2402,0,0,4,1
2403,0,0,4,1
2404,0,0,4,2
2405,0,0,4,2
2406,0,0,4,2
2407,0,0,4,2
2408,0,0,4,1
2409,0,0,4,1
2410,0,0,4,1
2411,0,0,4,2
2412,0,0,4,1
2413,0,0,4,2
2414,0,0,4,1
2415,0,0,4,1
2416,0,0,4,1
2417,0,0,4,2
2418,0,0,4,2
2419,0,0,4,2
2420,0,0,4,2
2421,0,0,4,2
2422,0,0,4,1
2423,0,0,4,1
2424,0,0,4,1
2425,0,0,4,1
2426,0,0,4,1
2427,0,0,4,2
2428,0,0,4,2
2429,0,0,4,2
2430,0,0,4,1
2431,0,0,4,1
2432,0,0,4,1
2433,0,0,4,2
2434,0,0,4,1
2435,0,0,4,1
2436,0,0,4,1
2437,0,0,4,1
2438,0,0,4,2
2439,0,0,4,1
2440,0,0,4,1
2441,0,0,4,2
2442,0,0,4,1
2443,0,0,4,2
2444,0,0,4,1
2445,0,0,4,1
2446,0,0,4,1
2447,0,0,4,1
2448,0,0,4,1
2449,0,0,4,1
2450,0,0,4,1
2451,0,0,4,2
2452,0,0,4,2
2453,0,0,4,1
2454,0,0,4,2
2455,0,0,4,2
2456,0,0,4,1
2457,0,0,4,2
2458,0,0,4,1
2459,0,0,4,2
2460,0,0,4,2
2461,0,0,4,1
2462,0,0,4,1
2463,0,0,4,2
2464,0,0,4,1
2465,0,0,4,1
2466,0,0,4,1
2467,0,0,4,2
2468,0,0,4,1
2469,0,0,4,1
2470,0,0,4,1
2471,0,0,4,2
2472,0,0,4,2
2473,0,0,4,0
2474,0,0,4,0
2475,0,0,4,0
2476,0,0,4,0
2477,0,0,0,1
2478,0,0,0,1
2479,1,0,0,2
2480,0,0,0,1
2481,0,0,0,2
2482,0,0,4,2
2483,0,0,4,2
2484,0,0,2,1
2485,0,0,4,1
2486,0,0,4,1
2487,0,0,4,2
2488,0,0,4,2
2489,0,0,0,1
2490,0,0,0,2
2491,0,0,0,1
2492,0,0,4,1
2493,0,0,4,1
2494,0,0,0,1
2495,0,0,0,2
2496,0,0,4,2
2497,0,0,4,2
2498,1,0,0,2
2499,0,0,0,2
2500,0,0,0,1
2501,0,0,0,1
2502,0,0,0,1
2503,0,0,0,2
2504,0,0,0,1
2505,0,0,0,1
2506,0,0,0,1
2507,0,0,0,1
2508,1,0,4,1
2509,1,0,0,2
2510,0,0,4,1
2511,0,0,0,1
2512,0,0,0,2
2513,0,0,0,1
2514,0,0,0,2
2515,0,0,0,2
2516,0,0,0,2
2517,0,0,0,1
2518,0,0,0,2
2519,0,0,0,1
2520,0,0,0,1
2521,0,0,0,1
2522,0,0,0,1
2523,0,0,2,2
2524,0,0,2,2
2525,0,0,4,1
2526,0,0,4,2
2527,0,0,4,2
2528,0,0,2,1
2529,0,0,2,1
2530,0,0,2,1
2531,0,0,4,1
2532,0,0,3,1
2533,0,0,3,1
2534,0,0,4,1
2535,0,0,0,1
2536,0,0,4,1
2537,0,0,4,2
2538,0,0,4,1
2539,0,0,4,2
2540,0,0,4,1
2541,0,0,4,1
2542,0,0,3,1
2543,0,0,4,1
2544,0,0,3,1
2545,0,0,4,1
2546,0,0,3,2
2547,0,0,3,1
2548,0,0,2,1
2549,0,0,2,2
2550,0,0,1,1
2551,0,0,1,2
2552,0,0,1,2
2553,0,0,1,1
2554,0,0,1,1
2555,0,0,1,1
2556,0,0,1,2
2557,0,0,1,1
2558,0,0,1,0
2559,0,0,1,1
2560,0,0,1,2
2561,0,0,1,1
2562,0,0,1,2
2563,0,0,1,1
2564,0,0,1,1
2565,0,0,1,2
2566,0,0,1,2
2567,0,0,2,2
2568,1,0,2,1
2569,0,0,1,1
2570,0,0,1,1
2571,0,0,1,2
2572,0,0,1,2
2573,0,0,1,2
2574,0,0,1,2
2575,0,0,1,1
2576,0,0,1,1
2577,0,0,1,1
2578,0,0,1,1
2579,0,0,1,2
2580,0,0,1,1
2581,0,0,1,2
2582,0,0,1,2
2583,0,0,1,1
2584,0,0,2,1
2585,0,0,4,1
2586,1,0,2,1
2587,1,0,2,2
2588,0,0,1,1
2589,0,0,1,1
2590,0,0,1,1
2591,0,0,1,2
2592,0,0,1,2
2593,0,0,1,2
2594,0,0,1,2
2595,0,0,1,2
2596,0,0,1,1
2597,0,0,1,1
2598,1,0,4,1
2599,1,0,4,2
2600,1,0,4,1
2601,1,0,4,2
2602,1,0,4,1
2603,1,0,4,2
2604,1,0,4,2
2605,1,0,4,2
2606,1,0,4,1
2607,1,0,4,1
2608,1,0,4,2
2609,1,0,4,0
2610,1,0,4,1
2611,1,0,4,0
2612,1,0,4,2
2613,1,0,4,1
2614,1,0,4,2
2615,1,0,4,1
2616,1,0,4,1
2617,1,0,4,1
2618,1,0,4,1
2619,1,0,4,1
2620,1,0,4,1
2621,1,0,4,2
2622,1,0,4,2
2623,1,0,4,1
2624,1,0,4,1
2625,1,0,4,1
2626,1,0,4,1
2627,1,0,4,2
2628,1,0,4,1
2629,1,0,4,1
2630,1,0,4,2
2631,1,0,4,1
2632,1,0,4,1
2633,1,0,4,1
2634,1,0,4,1
2635,1,0,4,1
2636,1,0,4,1
2637,1,0,4,2
2638,1,0,4,1
2639,1,0,4,1
2640,1,0,4,2
2641,1,0,4,1
2642,1,0,4,1
2643,1,0,4,1
2644,1,0,4,1
2645,1,0,4,1
2646,1,0,4,1
2647,1,0,4,1
2648,1,0,4,1
2649,1,0,4,2
2650,1,0,4,1
2651,1,0,4,1
2652,1,0,4,1
2653,1,0,4,1
2654,1,0,4,1
2655,1,0,4,2
2656,1,0,4,2
2657,1,0,4,2
2658,1,0,4,2
2659,1,0,4,2
2660,1,0,4,1
2661,1,0,4,1
2662,1,0,4,2
2663,1,0,4,1
2664,1,0,4,2
2665,1,0,4,1
2666,1,0,4,1
2667,1,0,4,1
2668,1,0,4,2
2669,1,0,4,1
2670,1,0,4,2
2671,1,0,4,2
2672,1,0,4,2
2673,1,0,4,1
2674,1,0,4,1
2675,1,0,4,2
2676,1,0,4,1
2677,1,0,4,1
2678,0,0,4,2
2679,1,0,4,2
2680,1,0,4,1
2681,1,0,4,1
2682,1,0,4,1
2683,1,0,4,2
2684,1,0,4,2
2685,1,0,4,2
2686,1,0,4,1
2687,1,0,4,1
2688,1,0,4,1
2689,1,0,4,1
2690,1,0,4,1
2691,1,0,4,1
2692,1,0,4,1
2693,1,0,4,2
2694,1,0,4,2
2695,1,0,4,2
2696,1,0,4,2
2697,1,0,4,2
2698,1,0,4,2
2699,1,0,4,1
2700,1,0,4,2
2701,1,0,4,1
2702,1,0,4,2
2703,1,0,4,2
2704,1,0,4,1
2705,1,0,4,1
2706,1,0,4,2
2707,1,0,4,2
2708,1,0,4,2
2709,1,0,4,2
2710,1,0,4,2
2711,1,0,4,1
2712,1,0,4,2
2713,1,0,4,2
2714,1,0,4,2
2715,1,0,4,2
2716,1,0,4,2
2717,1,0,4,2
2718,1,0,4,2
2719,1,0,4,1
2720,1,0,4,2
2721,1,0,4,2
2722,1,0,4,2
2723,1,0,4,2
2724,1,0,4,2
2725,1,0,4,2
2726,1,0,4,2
2727,1,0,4,2
2728,1,0,4,1
2729,1,0,4,0
2730,1,0,4,1
2731,1,0,4,1
2732,1,0,4,1
2733,1,0,4,1
2734,1,0,4,2
2735,1,0,4,1
2736,1,0,4,2
2737,1,0,4,2
2738,1,0,4,1
2739,1,0,4,1
2740,1,0,4,2
2741,1,0,4,2
2742,1,0,4,1
2743,1,0,4,2
2744,1,0,4,2
2745,1,0,4,2
2746,1,0,4,1
2747,1,0,4,2
2748,1,0,4,2
2749,1,0,4,1
2750,1,0,4,1
2751,1,0,4,1
2752,1,0,4,2
2753,1,0,4,2
2754,1,0,4,2
2755,0,0,4,1
2756,1,0,4,2
2757,1,0,4,1
2758,1,0,4,1
2759,1,0,4,1
2760,1,0,4,2
2761,1,0,4,2
2762,1,0,4,2
2763,1,0,4,2
2764,1,0,4,2
2765,1,0,4,2
2766,1,0,4,1
2767,1,0,4,1
2768,1,0,4,1
2769,1,0,4,2
2770,1,0,4,1
2771,1,0,4,2
2772,1,0,4,2
2773,1,0,4,1
2774,1,0,4,1
2775,1,0,4,2
2776,1,0,4,2
2777,1,0,4,2
2778,1,0,4,2
2779,1,0,4,2
2780,1,0,4,1
2781,1,0,4,2
2782,1,0,4,2
2783,1,0,4,1
2784,1,0,4,1
2785,1,0,4,1
2786,1,0,4,1
2787,1,0,4,2
2788,1,0,4,1
2789,1,0,4,1
2790,1,0,4,1
2791,1,0,4,2
2792,1,0,4,1
2793,1,0,4,1
2794,1,0,4,1
2795,1,0,4,1
2796,1,0,4,1
2797,1,0,4,1
2798,1,0,4,2
2799,1,0,4,2
2800,1,0,4,1
2801,1,0,4,1
2802,1,0,4,1
2803,1,0,4,2
2804,1,0,4,1
2805,1,0,4,2
2806,1,0,4,2
2807,1,0,4,1
2808,1,0,4,2
2809,1,0,4,2
2810,1,0,4,1
2811,1,0,4,2
2812,1,0,4,2
2813,1,0,4,2
2814,1,0,4,2
2815,1,0,4,1
2816,1,0,4,2
2817,1,0,4,2
2818,1,0,4,1
2819,0,0,4,2
2820,1,0,4,1
2821,1,0,4,2
2822,1,0,4,2
2823,1,0,4,2
2824,1,0,4,2
2825,1,0,4,2
2826,1,0,4,2
2827,1,0,4,1
2828,1,0,4,2
2829,0,0,4,2
2830,0,0,4,1
2831,1,0,4,1
2832,1,0,4,0
2833,1,0,4,2
2834,1,0,4,2
2835,0,0,4,1
2836,1,0,4,2
2837,1,0,4,2
2838,1,0,4,1
2839,1,0,4,1
2840,1,0,4,2
2841,1,0,4,2
2842,1,0,4,2
2843,0,0,4,1
2844,1,0,4,1
2845,1,0,4,2
2846,1,0,4,2
2847,1,0,4,2
2848,1,0,4,0
2849,1,0,4,0
2850,1,0,4,2
2851,1,0,4,1
2852,1,0,4,1
2853,1,0,4,2
2854,1,0,4,1
2855,1,0,4,2
2856,1,0,4,2
2857,1,0,4,2
2858,1,0,4,1
2859,1,0,4,1
2860,1,0,4,2
2861,1,0,4,2
2862,1,0,4,1
2863,1,0,4,1
2864,1,0,4,2
2865,1,0,4,1
2866,1,0,4,1
2867,1,0,4,1
2868,1,0,4,2
2869,1,0,4,2
2870,1,0,4,1
2871,1,0,4,1
2872,1,0,4,2
2873,1,0,4,2
2874,1,0,4,1
2875,1,0,4,1
2876,1,0,4,2
2877,1,0,4,2
2878,1,0,4,2
2879,1,0,4,1
2880,1,0,4,2
2881,1,0,4,2
2882,1,0,4,2
2883,1,0,4,2
2884,1,0,4,1
2885,1,0,4,2
2886,1,0,4,2
2887,1,0,4,2
2888,1,0,4,2
2889,1,0,4,1
2890,1,0,4,2
2891,0,0,4,1
2892,1,0,4,1
2893,1,0,4,1
2894,1,0,4,2
2895,1,0,4,2
2896,0,0,4,1
2897,1,0,4,2
2898,1,0,4,2
2899,1,0,4,2
2900,1,0,4,2
2901,1,0,4,1
2902,1,0,4,2
2903,1,0,4,2
2904,1,0,4,1
2905,1,0,4,2
2906,1,0,4,2
2907,1,0,4,1
2908,1,0,4,2
2909,1,0,4,2
2910,1,0,4,1
2911,1,0,4,1
2912,1,0,4,2
2913,1,0,4,2
2914,1,0,4,1
2915,1,0,4,1
2916,1,0,4,2
2917,1,0,4,2
2918,1,0,4,2
2919,1,0,4,1
2920,1,0,4,2
2921,1,0,4,2
2922,0,0,0,2
2923,0,0,0,2
2924,0,0,0,1
2925,0,0,0,2
2926,0,0,0,2
2927,0,0,4,1
2928,0,0,4,1
2929,0,0,4,1
2930,0,0,2,1
2931,0,0,2,2
2932,0,0,2,1
2933,0,0,4,1
2934,0,0,4,1
2935,0,0,4,1
2936,0,0,4,1
2937,0,0,4,1
2938,0,0,4,2
2939,0,0,4,1
2940,0,0,1,1
2941,0,0,3,1
2942,0,0,1,1
2943,0,0,1,1
2944,0,0,1,2
2945,1,0,4,2
2946,1,0,4,2
2947,1,0,4,2
2948,1,0,4,2
2949,1,0,4,2
2950,1,0,4,1
2951,1,0,4,2
2952,1,0,4,2
2953,1,0,4,1
2954,1,0,4,2
2955,1,0,4,2
2956,1,0,4,2
2957,1,0,4,2
2958,1,0,4,2
2959,1,0,4,1
2960,1,0,4,2
2961,1,0,4,2
2962,1,0,4,0
2963,1,0,4,0
2964,1,0,4,2
2965,0,0,4,2
2966,1,0,4,2
2967,1,0,4,2
2968,1,0,4,2
2969,1,0,4,2
2970,1,0,4,2
2971,1,0,4,2
2972,1,0,4,2
2973,1,0,4,2
2974,1,0,4,2
2975,1,0,4,1
2976,1,0,4,1
2977,1,0,4,2
2978,0,0,4,2
2979,1,0,4,2
2980,1,0,4,2
2981,1,0,4,2
2982,1,0,4,2
2983,1,0,4,2
2984,1,0,4,1
2985,1,0,4,1
2986,1,0,4,2
2987,1,0,4,1
2988,1,0,4,0
2989,1,0,4,2
2990,1,0,4,2
2991,1,0,4,1
2992,1,0,4,2
2993,1,0,4,1
2994,1,0,4,1
2995,1,0,4,1
2996,1,0,4,2
2997,1,0,4,2
2998,1,0,4,2
2999,1,0,4,1
3000,1,0,4,2
3001,1,0,4,2
3002,1,0,4,1
3003,1,0,4,2
3004,1,0,4,2
3005,1,0,4,2
3006,1,0,4,2
3007,1,0,4,2
3008,1,0,4,2
3009,0,0,4,2
3010,1,0,4,1
3011,1,0,4,2
3012,1,0,4,2
3013,1,0,4,2
3014,1,0,4,2
3015,1,0,4,2
3016,1,0,4,2
3017,1,0,4,2
3018,1,0,4,1
3019,1,0,4,2
3020,1,0,4,2
3021,1,0,4,2
3022,1,0,4,2
3023,1,0,4,2
3024,1,0,4,2
3025,1,0,4,2
3026,1,0,4,2
3027,1,0,4,1
3028,1,0,4,2
3029,1,0,4,2
3030,1,0,4,2
3031,1,0,4,2
3032,1,0,4,2
3033,0,0,4,1
3034,1,0,4,1
3035,1,0,4,2
3036,1,0,4,2
3037,1,0,4,2
3038,1,0,4,2
3039,1,0,4,2
3040,1,0,4,2
3041,1,0,4,1
3042,1,0,4,2
3043,1,0,4,2
3044,1,0,4,1
3045,1,0,4,2
3046,1,0,4,1
3047,1,0,4,1
3048,1,0,4,1
3049,1,0,4,2
3050,1,0,0,2
3051,1,0,0,2
3052,1,0,1,2
3053,1,0,1,2
3054,1,0,1,2
3055,1,0,4,2
3056,1,0,1,2
3057,1,0,1,2
3058,1,0,4,1
3059,1,0,1,2
3060,1,0,1,1
3061,1,0,1,2
3062,1,0,1,2
3063,1,0,1,2
3064,1,0,1,1
3065,0,0,4,2
3066,0,0,4,1
3067,0,0,4,1
3068,0,0,4,2
3069,0,0,4,1
3070,0,0,4,2
3071,0,0,4,2
3072,0,0,4,2
3073,0,0,4,2
3074,0,0,4,2
3075,0,0,4,1
3076,0,0,4,2
3077,0,0,4,2
3078,0,0,4,1
3079,0,0,4,2
3080,0,0,4,2
3081,0,0,4,2
3082,0,0,4,2
3083,0,0,4,2
3084,0,0,4,1
3085,0,0,4,1
3086,0,0,4,2
3087,0,0,4,1
3088,0,0,4,1
3089,0,0,4,2
3090,0,0,4,2
3091,0,0,4,1
3092,0,0,4,1
3093,0,0,4,2
3094,0,0,4,2
3095,0,0,4,1
3096,0,0,4,2
3097,0,0,4,2
3098,0,0,4,1
3099,0,0,4,2
3100,0,0,4,2
3101,0,0,4,2
3102,0,0,4,2
3103,0,2,4,2
3104,0,2,4,2
3105,0,2,4,2
3106,0,0,4,2
3107,0,0,4,2
3108,0,0,4,2
3109,0,0,4,1
3110,0,0,4,2
3111,0,0,4,1
3112,0,0,4,2
3113,0,0,4,1
3114,0,0,4,2
3115,0,0,4,2
3116,0,0,4,1
3117,0,0,3,1
3118,0,0,4,1
3119,0,0,3,1
3120,0,0,4,1
3121,0,0,2,1
3122,0,0,2,1
3123,0,0,4,2
3124,0,0,4,1
3125,0,0,4,1
3126,0,0,4,2
3127,0,0,4,2
3128,0,0,4,1
3129,0,0,4,1
3130,0,0,4,1
3131,0,0,4,1
3132,0,0,4,1
3133,0,0,4,1
3134,0,0,4,1
3135,0,0,4,2
3136,0,0,4,1
3137,0,0,4,1
3138,0,0,4,1
3139,0,0,4,2
3140,0,0,4,2
3141,0,0,0,1
3142,0,0,0,2
3143,0,0,0,1
3144,0,0,0,1
3145,0,0,4,2
3146,0,0,4,2
3147,0,0,4,2
3148,0,0,4,2
3149,0,0,1,1
3150,1,0,4,1
3151,1,0,4,1
3152,1,0,4,2
3153,1,0,4,2
3154,1,0,4,2
3155,1,2,4,2
3156,1,0,4,2
3157,1,0,4,2
3158,1,2,4,2
3159,1,0,0,1
3160,1,0,4,1
3161,1,2,4,2
3162,1,0,2,1
3163,1,0,4,1
3164,1,2,4,2
3165,1,2,4,2
3166,1,2,4,2
3167,1,2,4,2
3168,1,2,4,2
3169,1,2,4,2
3170,1,2,4,2
3171,1,2,4,2
3172,1,0,4,2
3173,1,2,4,2
3174,1,0,4,2
3175,1,2,4,2
3176,1,2,4,2
3177,1,2,4,2
3178,1,0,4,2
3179,1,0,4,1
3180,1,2,4,1
3181,1,2,4,2
3182,1,2,4,2
3183,1,2,4,2
3184,1,0,4,2
3185,1,2,4,1
3186,1,2,4,1
3187,1,2,4,2
3188,1,2,4,2
3189,1,2,4,1
3190,1,2,4,1
3191,1,2,4,1
3192,1,2,4,2
3193,1,2,4,2
3194,1,2,4,1
3195,1,2,4,2
3196,1,2,4,2
3197,1,2,4,2
3198,1,2,4,1
3199,1,2,4,1
3200,1,2,4,1
3201,1,2,4,1
3202,1,2,4,2
3203,1,2,4,1
3204,1,2,4,1
3205,1,2,4,1
3206,1,2,4,2
3207,1,2,4,1
3208,1,2,4,1
3209,1,2,4,2
3210,1,0,4,1
3211,1,0,4,2
3212,1,0,4,1
3213,1,0,4,1
3214,1,2,4,1
3215,1,2,4,2
3216,1,0,4,1
3217,1,2,4,1
3218,1,2,4,1
3219,1,2,4,2
3220,1,0,0,1
3221,1,2,4,2
3222,1,2,1,1
3223,1,2,1,2
3224,1,0,1,2
3225,0,2,4,2
3226,0,2,4,1
3227,0,2,4,1
3228,0,2,4,1
3229,0,2,4,2
3230,0,2,4,2
3231,0,2,4,1
3232,0,2,4,1
3233,0,2,4,2
3234,0,2,4,2
3235,0,2,4,1
3236,0,2,4,1
3237,0,2,4,1
3238,0,2,4,1
3239,0,2,4,1
3240,0,2,4,1
3241,0,2,4,2
3242,0,2,4,2
3243,0,2,4,1
3244,0,2,4,1
3245,0,2,4,2
3246,0,2,4,1
3247,0,2,4,2
3248,0,2,4,2
3249,0,2,4,1
3250,0,2,4,2
3251,0,2,4,2
3252,0,2,3,1
3253,0,0,1,2
3254,0,0,1,1
3255,0,2,1,2
3256,0,2,1,2
3257,0,2,1,2
3258,1,2,4,1
3259,1,2,4,2
3260,1,2,4,2
3261,1,0,4,1
3262,1,2,4,2
3263,1,2,4,2
3264,1,2,4,1
3265,1,2,4,1
3266,1,2,4,2
3267,1,2,4,1
3268,1,2,4,1
3269,0,2,4,2
3270,1,2,4,1
3271,1,2,4,2
3272,1,2,4,2
3273,1,2,4,1
3274,1,2,4,1
3275,1,2,4,2
3276,1,2,4,2
3277,1,2,4,1
3278,1,2,4,2
3279,1,2,4,2
3280,1,2,4,1
3281,0,2,4,1
3282,1,2,4,2
3283,0,0,4,1
3284,1,2,4,1
3285,1,2,4,1
3286,1,2,4,1
3287,1,2,4,2
3288,1,2,4,1
3289,1,2,4,1
3290,1,2,4,2
3291,1,2,4,2
3292,1,2,4,2
3293,1,2,4,2
3294,1,2,4,2
3295,1,2,4,1
3296,1,2,4,1
3297,1,2,4,1
3298,0,2,4,1
3299,1,2,4,2
3300,1,2,4,2
3301,1,2,4,2
3302,1,2,4,1
3303,1,2,4,2
3304,1,2,4,1
3305,1,2,4,2
3306,1,2,4,2
3307,1,2,4,1
3308,1,2,4,2
3309,1,2,4,1
3310,1,2,4,1
3311,1,2,4,1
3312,1,2,4,2
3313,1,2,4,2
3314,1,2,4,1
3315,1,2,4,1
3316,1,2,4,2
3317,1,2,4,1
3318,1,2,4,1
3319,1,2,4,2
3320,1,2,4,1
3321,1,2,4,2
3322,1,2,4,1
3323,1,2,4,2
3324,1,2,4,2
3325,1,2,4,1
3326,1,2,4,1
3327,1,2,4,2
3328,1,2,4,2
3329,1,1,4,1
3330,0,1,4,1
3331,1,0,4,1
3332,1,3,4,2
3333,0,0,3,1
3334,0,0,4,1
3335,1,0,4,1
3336,1,0,4,1
3337,1,0,4,0
3338,1,0,4,2
3339,1,0,4,1
3340,0,0,4,1
3341,0,0,4,1
3342,0,0,4,1
3343,0,0,4,1
3344,0,0,4,1
3345,0,0,1,1
3346,0,0,1,2
3347,0,0,4,1
3348,0,0,4,0
3349,1,0,4,2
3350,1,0,4,2
3351,0,0,4,1
3352,0,0,4,2
3353,0,3,4,1
3354,0,0,4,2
3355,1,0,4,2
3356,1,0,4,1
3357,1,0,4,1
3358,1,0,4,2
3359,0,0,4,1
3360,0,0,4,2
3361,0,3,4,1
3362,0,1,4,1
3363,0,0,4,1
3364,0,0,4,1
3365,0,0,4,1
3366,0,0,4,1
3367,0,0,4,1
3368,0,0,4,1
3369,0,0,4,1
3370,0,0,4,1
3371,0,0,4,1
3372,0,0,4,1
3373,0,0,4,1
3374,0,0,4,1
3375,1,0,4,1
3376,1,0,4,2
3377,1,0,4,2
3378,1,0,4,1
3379,1,0,4,1
3380,1,0,4,1
3381,1,0,4,1
3382,1,0,4,2
3383,1,0,4,0
3384,1,0,4,1
3385,1,0,4,2
3386,1,0,4,1
3387,1,0,4,1
3388,1,0,4,1
3389,1,0,4,2
3390,1,0,4,1
3391,1,0,4,1
3392,1,0,4,1
3393,1,0,4,1
3394,1,0,4,2
3395,1,0,4,0
3396,1,0,4,2
3397,1,0,4,1
3398,1,0,4,2
3399,1,0,4,2
3400,1,0,4,1
3401,1,0,4,1
3402,1,0,4,2
3403,1,0,4,2
3404,1,0,4,2
3405,1,0,4,2
3406,1,0,4,2
3407,1,0,4,2
3408,1,0,4,0
3409,1,0,4,0
3410,1,0,4,1
3411,1,0,4,1
3412,1,0,4,0
3413,1,0,4,2
3414,1,0,4,2
3415,1,0,4,2
3416,1,0,4,2
3417,1,0,4,1
3418,1,0,4,2
3419,1,0,4,2
3420,1,0,4,1
3421,1,0,4,2
3422,1,0,4,2
3423,0,0,4,1
3424,0,0,4,2
3425,0,0,4,2
3426,0,0,4,2
3427,0,0,4,0
3428,0,0,4,1
3429,0,0,4,0
3430,0,0,4,1
3431,0,0,4,1
3432,0,0,4,1
3433,0,0,4,1
3434,0,0,4,0
3435,0,0,4,0
3436,0,0,4,1
3437,0,0,4,1
3438,0,0,4,0
3439,0,0,4,1
3440,0,0,4,1
3441,0,0,4,0
3442,0,0,4,1
3443,0,0,4,0
3444,0,0,4,1
3445,0,0,4,1
3446,0,0,4,0
3447,0,0,4,0
3448,0,0,4,0
3449,0,0,4,0
3450,0,0,4,2
3451,0,0,4,1
3452,0,0,4,1
3453,0,0,4,2
3454,0,0,4,2
3455,0,0,4,1
3456,0,0,4,1
3457,0,0,4,1
3458,0,0,4,1
3459,0,0,4,1
3460,0,0,4,1
3461,0,0,4,1
3462,0,0,4,1
3463,0,0,4,1
3464,0,0,4,1
3465,1,0,1,1
3466,1,0,1,2
3467,1,0,1,1
3468,1,0,1,2
3469,1,0,1,1
3470,1,0,1,0
3471,1,0,1,0
3472,1,0,1,2
3473,1,0,1,1
3474,1,0,1,2
3475,1,0,1,0
3476,1,0,1,0
3477,1,0,1,2
3478,1,0,1,0
3479,1,0,1,2
3480,1,0,1,1
3481,1,0,1,1
3482,1,0,1,2
3483,1,0,1,1
3484,1,0,1,1
3485,1,0,1,2
3486,1,0,1,2
3487,0,0,4,0
3488,1,0,4,1
3489,1,0,1,1
3490,1,0,1,2
3491,1,0,1,2
3492,1,0,1,1
3493,1,0,1,1
3494,1,0,1,0
3495,0,0,4,1
3496,0,0,4,1
3497,0,0,4,1
3498,0,0,4,2
3499,0,0,4,2
3500,0,0,4,2
3501,0,0,4,2
3502,0,0,4,2
3503,0,0,4,2
3504,0,0,4,1
3505,0,0,4,1
3506,0,0,4,1
3507,0,0,4,1
3508,0,0,4,1
3509,0,0,4,1
3510,0,0,4,1
3511,0,0,4,1
3512,0,0,4,1
3513,0,0,4,1
3514,0,0,4,1
3515,0,0,4,1
3516,0,0,4,1
3517,0,0,4,2
3518,0,0,4,2
3519,0,0,4,1
3520,0,0,4,1
3521,0,0,4,0
3522,0,0,4,1
3523,0,0,4,1
3524,0,0,4,1
3525,0,0,4,1
3526,0,0,4,1
3527,0,0,4,1
3528,0,0,4,1
3529,0,0,4,1
3530,0,0,4,1
3531,0,0,4,1
3532,0,0,4,1
3533,0,0,4,1
3534,0,0,4,1
3535,0,0,4,1
3536,0,0,4,1
3537,0,0,4,2
3538,0,0,4,1
3539,0,0,4,1
3540,0,0,4,1
3541,0,0,4,1
3542,0,0,4,1
3543,0,0,4,2
3544,0,0,4,2
3545,0,0,4,1
3546,0,0,4,1
3547,0,0,4,1
3548,0,0,4,2
3549,0,0,4,2
3550,0,0,4,1
3551,0,0,4,0
3552,0,0,4,2
3553,0,0,4,2
3554,0,0,4,1
3555,0,0,4,2
3556,0,0,4,1
3557,0,0,4,2
3558,0,0,4,0
3559,0,0,4,1
3560,0,0,4,1
3561,0,0,4,1
3562,0,0,4,2
3563,0,0,4,2
3564,0,0,4,2
3565,0,0,4,2
3566,0,0,4,1
3567,0,0,4,1
3568,0,0,4,2
3569,0,0,4,1
3570,0,0,4,1
3571,0,0,4,2
3572,0,0,4,2
3573,0,0,4,1
3574,0,0,4,2
3575,0,0,4,2
3576,0,0,4,2
3577,0,0,4,2
3578,0,0,4,2
3579,0,0,4,2
3580,0,0,4,2
3581,0,0,4,2
3582,0,0,4,1
3583,0,0,4,1
3584,0,0,4,1
3585,0,0,4,1
3586,0,0,4,2
3587,0,0,4,2
3588,0,0,4,2
3589,0,0,4,2
3590,0,0,4,2
3591,0,0,4,2
3592,0,0,4,2
3593,0,0,4,2
3594,0,0,4,2
3595,0,0,4,2
3596,0,0,4,2
3597,0,0,4,2
3598,0,0,4,1
3599,0,0,4,2
3600,0,0,4,2
3601,0,0,4,2
3602,0,0,4,1
3603,0,0,4,2
3604,0,0,4,2
3605,0,0,4,1
3606,0,0,4,1
3607,0,0,4,2
3608,0,0,4,2
3609,0,0,4,2
3610,0,0,4,1
3611,0,0,4,2
3612,0,0,4,2
3613,0,0,4,2
3614,0,0,4,2
3615,0,0,4,1
3616,0,0,4,2
3617,0,0,4,2
3618,0,0,4,2
3619,0,0,4,2
3620,0,0,4,1
3621,0,0,4,2
3622,0,0,4,2
3623,0,0,4,1
3624,0,0,4,1
3625,0,0,4,1
3626,0,0,4,2
3627,0,0,4,2
3628,0,0,4,1
3629,0,0,4,2
3630,0,0,4,2
3631,0,0,4,2
3632,0,0,4,2
3633,0,0,4,2
3634,0,0,4,2
3635,0,0,4,0
3636,0,0,4,0
3637,0,0,4,0
3638,0,0,4,2
3639,1,0,4,1
3640,1,0,4,1
3641,1,0,4,0
3642,1,0,4,2
3643,1,0,4,1
3644,1,0,4,1
3645,1,0,4,1
3646,1,0,4,1
3647,1,0,4,1
3648,1,0,4,1
3649,1,0,4,1
3650,1,0,4,2
3651,1,0,4,1
3652,1,0,4,2
3653,1,0,4,2
3654,1,0,4,2
3655,1,0,4,1
3656,1,0,4,0
3657,0,0,4,0
3658,1,0,4,0
3659,0,0,4,2
3660,1,0,4,1
3661,1,0,4,1
3662,1,0,4,1
3663,1,0,4,2
3664,1,0,4,2
3665,1,0,4,1
3666,1,0,4,2
3667,1,0,4,1
3668,1,0,4,2
3669,1,0,4,2
3670,1,0,4,1
3671,1,0,4,1
3672,1,0,4,1
3673,1,0,4,1
3674,1,0,4,2
3675,1,0,4,2
3676,1,0,4,1
3677,1,0,4,0
3678,1,0,4,1
3679,1,0,4,1
3680,1,0,4,2
3681,1,0,4,2
3682,1,0,4,0
3683,1,0,4,2
3684,1,0,4,2
3685,1,0,4,2
3686,0,0,4,1
3687,1,0,4,2
3688,1,0,4,1
3689,0,0,4,2
3690,1,0,4,2
3691,1,0,4,2
3692,0,0,4,2
3693,1,0,4,2
3694,1,0,4,1
3695,1,0,4,2
3696,1,0,4,1
3697,0,0,4,1
3698,1,0,4,1
3699,1,0,4,0
3700,1,0,4,1
3701,0,0,4,2
3702,0,0,4,2
3703,0,0,4,2
3704,0,0,4,1
3705,0,0,4,2
3706,0,0,4,1
3707,0,0,4,1
3708,0,0,4,2
3709,0,0,4,2
3710,0,0,4,1
3711,0,0,4,2
3712,0,0,4,2
3713,0,0,4,2
3714,0,0,4,1
3715,0,0,4,1
3716,0,0,4,2
3717,0,0,4,1
3718,0,0,4,2
3719,0,0,4,2
3720,0,0,4,1
3721,0,0,4,1
3722,0,0,4,1
3723,0,0,4,2
3724,0,0,4,2
3725,0,0,4,2
3726,0,0,4,2
3727,0,0,4,1
3728,0,0,4,1
3729,0,0,4,2
3730,0,0,4,2
3731,0,0,4,2
3732,0,0,4,1
3733,0,0,4,1
3734,0,0,4,1
3735,0,0,4,2
3736,0,0,4,1
3737,0,0,4,1
3738,0,0,4,1
3739,0,0,4,1
3740,0,0,4,1
3741,0,0,4,1
3742,0,0,4,1
3743,0,0,4,2
3744,0,0,4,2
3745,0,0,4,1
3746,0,0,4,1
3747,0,0,4,1
3748,0,0,4,1
3749,0,0,4,2
3750,0,0,4,1
3751,0,0,4,1
3752,0,0,4,2
3753,0,0,4,0
3754,0,0,4,0
3755,0,0,4,1
3756,0,0,4,2
3757,0,0,4,2
3758,0,0,4,1
3759,0,0,4,1
3760,0,0,4,1
3761,0,0,4,2
3762,0,0,4,2
3763,0,0,4,2
3764,0,0,4,1
3765,0,0,4,2
3766,0,0,4,2
3767,0,0,4,2
3768,0,0,4,1
3769,0,0,4,1
3770,0,0,4,1
3771,0,0,4,1
3772,0,0,4,1
3773,0,0,4,2
3774,0,0,4,2
3775,0,0,4,1
3776,0,0,4,1
3777,0,0,4,2
3778,0,0,4,2
3779,0,0,4,1
3780,0,0,4,2
3781,0,0,4,2
3782,0,0,4,2
3783,0,0,4,1
3784,0,0,4,2
3785,0,0,4,1
3786,0,0,4,1
3787,0,0,4,1
3788,0,0,4,0
3789,0,0,4,1
3790,0,0,4,2
3791,0,0,4,2
3792,0,0,4,1
3793,0,0,4,1
3794,0,0,4,2
3795,0,0,4,0
3796,0,0,4,2
3797,0,0,4,2
3798,0,0,4,1
3799,0,0,4,2
3800,0,0,4,1
3801,0,0,4,1
3802,0,0,4,1
3803,0,0,4,2
3804,0,0,4,2
3805,0,0,4,1
3806,0,0,4,0
3807,0,0,4,2
3808,0,0,4,2
3809,0,0,4,1
3810,0,0,4,1
3811,0,0,4,0
3812,0,0,4,2
3813,0,0,4,2
3814,0,0,4,2
3815,0,0,4,1
3816,0,0,4,2
3817,0,0,4,2
3818,0,0,4,1
3819,0,0,4,2
3820,0,0,4,2
3821,0,0,4,2
3822,0,0,4,1
3823,0,0,4,1
3824,0,0,4,1
3825,0,0,4,2
3826,0,0,4,1
3827,0,0,4,1
3828,0,0,4,1
3829,0,0,4,2
3830,0,0,4,1
3831,0,0,4,2
3832,0,0,4,1
3833,0,0,4,1
3834,0,0,4,2
3835,0,0,4,1
3836,0,0,4,2
3837,0,0,4,2
3838,1,0,1,2
3839,1,0,1,1
3840,1,0,1,2
3841,1,0,1,2
3842,1,0,1,2
3843,1,0,1,1
3844,1,0,1,2
3845,1,0,1,2
3846,1,0,1,2
3847,1,0,1,1
3848,1,0,1,1
3849,1,0,1,1
3850,1,0,1,1
3851,1,0,1,1
3852,1,0,1,1
3853,1,0,1,1
3854,1,0,1,1
3855,1,0,1,1
3856,1,0,1,1
3857,1,0,1,1
3858,1,0,1,1
3859,1,0,1,1
3860,0,0,4,1
3861,0,0,4,1
3862,0,0,4,1
3863,1,0,1,1
3864,1,0,1,1
3865,1,0,1,1
3866,1,0,1,1
3867,1,0,1,1
3868,1,0,1,1
3869,1,0,1,1
3870,1,0,1,1
3871,1,0,1,1
3872,1,0,1,1
3873,1,0,1,1
3874,1,0,1,1
3875,1,0,1,1
3876,1,0,1,1
3877,1,0,1,1
3878,1,0,1,1
3879,1,0,1,1
3880,0,0,4,1
3881,0,0,4,1
3882,0,0,4,1
3883,0,0,4,1
3884,1,0,1,1
3885,1,0,1,1
3886,1,0,1,1
3887,1,0,1,1
3888,1,0,1,1
3889,1,0,1,1
3890,1,0,1,2
3891,1,0,1,1
3892,1,0,1,1
3893,1,0,1,2
3894,1,0,1,1
3895,1,0,1,1
3896,1,0,1,1
3897,1,0,1,1
3898,1,0,1,1
3899,1,0,1,1
3900,1,0,1,1
3901,1,0,1,1
3902,1,0,1,1
3903,1,0,1,2
3904,1,0,1,2
3905,1,0,1,1
3906,1,0,1,1
3907,1,0,1,1
3908,1,0,1,1
3909,1,0,1,1
3910,1,0,1,1
3911,1,0,1,1
3912,1,0,1,1
3913,1,0,1,2
3914,1,0,1,2
3915,1,0,1,2
3916,1,0,1,2
3917,1,0,1,1
3918,1,0,1,1
3919,1,0,1,1
3920,1,0,1,1
3921,1,0,1,1
3922,1,0,1,1
3923,1,0,1,1
3924,1,0,1,1
3925,1,0,1,1
3926,1,0,1,1
3927,1,0,1,1
3928,1,0,1,2
3929,1,0,1,2
3930,1,0,1,2
3931,1,0,1,1
3932,1,0,1,2
3933,1,0,1,2
3934,1,0,1,1
3935,1,0,1,1
3936,1,0,1,1
3937,1,0,1,2
3938,1,0,1,2
3939,1,0,1,2
3940,1,0,1,1
3941,1,0,1,1
3942,1,0,1,1
3943,1,0,1,1
3944,1,0,1,1
3945,1,0,1,1
3946,1,0,1,1
3947,1,0,1,1
3948,1,0,1,1
3949,1,0,1,1
3950,1,0,1,2
3951,1,0,1,2
3952,1,0,1,2
3953,1,0,1,1
3954,1,0,1,2
3955,1,0,1,2
3956,1,0,1,1
3957,1,0,1,1
3958,1,0,1,1
3959,1,0,1,1
3960,1,0,1,1
3961,1,0,1,1
3962,1,0,1,1
3963,1,0,1,1
3964,1,0,1,1
3965,1,0,1,1
3966,1,0,1,2
3967,1,0,1,1
3968,1,0,1,1
3969,1,0,1,2
3970,1,0,1,1
3971,1,0,1,1
3972,1,0,1,1
3973,1,0,1,1
3974,1,0,1,1
3975,1,0,1,1
3976,1,0,1,1
3977,1,0,1,1
3978,1,0,1,1
3979,1,0,1,2
3980,1,0,1,2
3981,1,0,1,1
3982,1,0,1,1
3983,1,0,1,1
3984,1,0,1,0
3985,1,0,1,1
3986,1,0,1,1
3987,1,0,1,2
3988,1,0,1,2
3989,1,0,1,2
3990,1,0,1,2
3991,1,0,1,2
3992,1,0,1,1
3993,1,0,1,2
3994,1,0,1,1
3995,1,0,1,0
3996,1,0,1,1
3997,1,0,1,2
3998,1,0,1,1
3999,1,0,1,1
4000,1,0,1,2
4001,1,0,1,1
4002,1,0,1,2
4003,1,0,1,2
4004,1,0,1,1
4005,1,0,1,2
4006,1,0,1,1
4007,1,0,1,2
4008,1,0,1,1
4009,1,0,1,1
4010,1,0,1,1
4011,1,0,1,2
4012,1,0,1,2
4013,0,0,4,1
4014,0,0,4,1
4015,0,0,4,1
4016,0,0,4,1
4017,0,0,4,1
4018,0,0,4,1
4019,0,0,4,1
4020,0,0,4,1
4021,0,0,4,1
4022,0,0,4,1
4023,0,0,4,1
4024,0,0,4,1
4025,0,0,4,1
4026,0,0,4,1
4027,0,0,4,1
4028,0,0,4,1
4029,0,0,4,1
4030,0,0,4,1
4031,0,0,4,1
4032,0,0,4,2
4033,0,0,4,2
4034,0,0,4,0
4035,0,0,4,1
4036,0,0,4,0
4037,0,0,4,1
4038,0,0,4,1
4039,0,0,4,2
4040,0,0,4,1
4041,0,0,4,1
4042,0,0,4,2
4043,0,0,4,2
4044,0,0,4,1
4045,0,0,4,2
4046,0,0,4,1
4047,0,0,4,1
4048,0,0,4,2
4049,0,0,4,1
4050,0,0,4,1
4051,0,0,4,1
4052,0,0,4,1
4053,0,0,4,1
4054,0,0,4,1
4055,0,0,4,1
4057,0,0,4,1
4058,0,0,4,1
4059,0,0,4,1
4060,0,0,4,1
4061,0,0,4,1
4062,0,0,4,1
4063,0,0,4,1
4064,0,0,4,1
4065,0,0,4,1
4066,0,0,4,1
4067,0,0,4,1
4068,0,0,4,1
4069,0,0,4,1
4070,0,0,4,1
4071,0,0,4,1
4072,0,0,4,1
4073,1,0,4,2
4074,1,0,3,1
4075,0,0,4,1
4076,0,0,4,1
4077,0,0,4,1
4078,0,0,4,1
4079,0,0,4,1
4080,0,0,4,1
4081,0,0,4,1
4082,0,0,4,1
4083,0,0,4,1
4084,0,0,4,1
4085,0,0,4,1
4086,0,0,4,1
4087,0,0,4,1
4088,0,0,4,1
4089,0,0,4,1
4090,0,0,4,1
4091,0,0,4,1
4092,0,0,4,1
4093,0,0,4,1
4094,0,0,4,1
4095,0,0,4,1
4096,0,0,4,1
4097,0,0,4,1
4098,0,0,4,1
4099,0,0,4,1
4100,0,0,4,1
4101,0,0,4,1
4102,0,0,4,1
4103,0,0,4,1
4104,0,0,4,1
4105,0,0,4,1
4106,0,0,4,1
4107,0,0,4,1
4108,0,0,4,1
4109,0,0,4,1
4110,0,0,4,1
4111,0,0,4,1
4112,0,0,4,1
4113,0,0,4,1
4114,0,0,4,1
4115,0,0,4,1
4116,0,0,4,1
4117,0,0,4,1
4118,0,0,4,1
4119,0,0,4,1
4120,0,0,4,1
4121,0,0,4,1
4122,0,0,4,1
4123,0,0,4,1
4124,0,0,4,1
4125,0,0,4,1
4126,0,0,4,1
4127,0,0,4,1
4128,0,0,4,1
4129,0,0,4,1
4130,0,0,4,1
4131,0,0,4,1
4132,0,0,4,1
4133,0,0,4,1
4134,0,0,4,1
4137,0,0,4,1
4138,0,0,4,1
4139,0,0,4,1
4140,0,0,4,1
4141,0,0,4,1
4142,0,0,4,1
4143,0,0,4,1
4144,0,0,4,1
4145,0,0,4,1
4146,0,0,4,1
4147,0,0,4,1
4148,0,0,4,1
4149,0,0,4,1
4150,0,0,4,1
4151,0,0,4,1
4152,0,0,4,1
4153,0,0,4,1
4154,0,0,4,1
4155,0,0,4,1
4156,0,0,4,1
4157,0,0,4,0
4158,0,0,4,1
4159,0,0,4,1
4160,0,0,4,1
4161,0,0,4,1
4162,0,0,4,1
4163,0,0,4,1
4164,0,0,4,1
4165,0,0,4,1
4166,0,0,4,1
4167,0,0,4,1
4168,0,0,4,1
4169,0,0,4,1
4170,0,0,4,1
4171,0,0,4,1
4172,0,0,4,1
4173,0,0,4,1
4174,0,0,4,1
4175,0,0,4,1
4176,0,0,4,1
4177,0,0,4,1
4178,0,0,4,1
4179,0,0,4,2
4180,0,0,4,1
4181,0,0,4,1
4182,0,0,4,1
4183,0,0,4,2
4184,0,0,4,1
4185,0,0,4,2
4186,0,0,4,2
4187,0,0,4,2
4188,0,0,4,2
4189,0,0,4,2
4190,0,0,4,2
4191,0,0,4,1
4192,0,0,4,2
4193,0,0,4,2
4194,0,0,4,2
4195,0,0,4,2
4196,0,0,4,2
4197,0,0,4,2
4198,0,0,4,2
4199,0,0,4,2
4200,0,0,4,2
4201,0,0,4,2
4202,0,0,4,2
4203,0,0,4,2
4204,0,0,4,1
4205,0,0,4,2
4206,0,0,4,2
4207,0,0,4,2
4208,0,0,4,1
4209,0,0,4,2
4210,0,0,4,1
4211,0,0,4,2
4212,0,0,4,2
4213,0,0,4,2
4214,0,0,4,1
4215,0,0,4,2
4216,0,0,4,2
4217,0,0,4,1
4218,0,0,4,2
4219,0,0,4,1
4220,0,1,4,1
4221,0,1,4,2
4222,0,1,4,1
4223,0,1,4,2
4224,0,1,2,2
4225,0,1,2,1
4226,0,1,4,2
4227,0,1,4,2
4228,0,1,4,1
4229,0,3,0,2
4230,0,3,0,2
4231,0,0,4,2
4232,0,0,4,1
4233,0,0,4,2
4234,0,0,4,2
4235,0,0,4,1
4236,0,0,4,1
4237,0,0,4,1
4238,1,3,4,2
4239,1,3,4,1
4240,1,3,4,1
4241,1,3,4,1
4242,1,3,4,2
4243,1,0,4,1
4244,1,0,4,2
4245,1,0,4,2
4246,1,0,4,1
4247,1,0,4,2
4248,1,0,4,1
4249,1,0,4,2
4250,1,0,4,2
4251,1,0,4,2
4252,1,0,4,1
4253,1,0,4,1
4254,1,0,4,2
4255,1,0,4,2
4256,1,0,4,1
4257,1,0,4,1
4258,1,0,4,2
4259,1,0,4,1
4260,1,0,4,2
4261,1,0,4,2
4262,1,0,4,1
4263,1,0,4,2
4264,1,0,4,2
4265,1,0,4,2
4266,1,0,4,1
4267,0,0,4,1
4268,0,0,4,2
4269,0,0,4,2
4270,0,0,4,1
4271,0,0,4,2
4272,0,0,4,1
4273,0,0,4,1
4274,0,0,4,1
4275,0,0,4,2
4276,0,0,4,2
4277,0,0,4,1
4278,0,0,4,1
4279,0,0,4,2
4280,0,0,4,1
4281,0,0,4,2
4282,0,0,4,2
4283,0,0,4,2
4284,0,0,4,2
4285,0,0,4,1
4286,1,0,4,2
4287,0,0,4,1
4288,1,0,4,1
4289,0,0,4,1
4290,0,0,4,1
4291,0,0,4,1
4292,0,0,4,1
4293,0,0,4,2
4294,0,0,4,1
4295,0,0,4,1
4296,0,0,4,1
4297,0,0,4,1
4298,0,0,4,2
4299,0,0,4,1
4300,0,0,4,2
4301,0,0,4,1
4302,0,0,4,1
4303,0,0,4,1
4304,0,0,4,2
4305,0,0,4,1
4306,0,0,4,2
4307,0,0,4,1
4308,0,0,4,1
4309,0,0,4,1
4310,0,0,4,1
4311,0,0,4,2
4312,0,0,4,1
4313,0,0,4,2
4314,0,0,4,1
4315,0,0,4,1
4316,0,0,4,1
4317,0,0,4,2
4318,0,0,4,1
4319,0,0,4,2
4320,0,0,4,1
4321,0,0,4,2
4322,0,0,4,1
4323,0,0,4,2
4324,0,0,4,1
4325,0,0,4,1
4326,0,0,4,1
4327,0,0,4,2
4328,0,0,4,1
4329,0,0,4,1
4330,0,0,4,2
4331,0,0,4,1
4332,0,0,4,1
4333,0,0,4,2
4334,0,0,2,1
4335,0,0,4,1
4336,0,0,0,2
4337,0,0,0,2
4338,0,0,0,2
4339,0,0,0,1
4340,0,0,0,1
4341,0,0,0,2
4342,0,0,1,1
4343,0,0,1,1
4344,0,0,1,2
4345,0,0,1,1
4346,0,0,1,1
4347,0,0,1,1
4348,0,0,1,2
4349,0,0,1,2
4350,0,0,2,2
4351,0,0,2,2
4352,0,0,1,2
4353,0,0,1,2
4354,0,0,4,1
4355,0,0,4,1
4356,0,0,4,1
4357,0,0,4,1
4358,0,0,4,1
4359,0,0,4,1
4360,1,0,4,1
4361,1,0,4,2
4362,1,0,4,2
4363,1,0,4,1
4364,1,0,4,1
4365,1,0,4,1
4366,1,0,4,1
4367,1,0,4,2
4368,1,0,4,1
4369,1,0,4,1
4370,1,0,4,2
4371,1,0,4,2
4372,1,0,4,1
4373,1,0,4,1
4374,1,0,4,2
4375,1,0,4,2
4376,1,0,4,2
4377,1,0,4,2
4378,1,0,4,1
4379,1,0,4,2
4380,1,0,4,2
4381,1,0,4,2
4382,1,0,4,1
4383,1,0,4,1
4384,1,0,4,1
4385,1,0,4,1
4386,1,0,4,2
4387,1,0,4,2
4388,1,0,4,1
4389,1,0,4,2
4390,1,0,4,1
4391,1,0,4,2
4392,1,0,4,2
4393,1,0,4,1
4394,1,0,4,2
4395,1,0,4,2
4396,1,0,4,2
4397,1,0,4,2
4398,1,0,4,1
4399,1,0,4,1
4400,1,0,4,2
4401,1,0,4,1
4402,1,0,4,1
4403,1,0,4,2
4404,1,0,4,1
4405,1,0,4,1
4406,1,0,4,2
4407,1,0,4,1
4408,1,0,4,2
4409,1,0,4,1
4410,1,0,4,2
4411,1,0,4,2
4412,1,0,4,2
4413,1,0,4,1
4414,1,0,0,1
4415,1,0,0,2
4416,1,0,0,2
4417,1,0,0,1
4418,1,0,4,2
4419,1,0,4,2
4420,1,0,4,2
4421,1,0,4,2
4422,1,0,1,2
4423,1,0,1,1
4424,1,0,1,2
4425,1,0,1,1
4426,1,0,1,2
4427,1,0,1,2
4428,1,0,1,2
4429,0,0,4,1
4430,0,0,4,0
4431,0,0,4,1
4432,0,0,4,2
4433,0,0,4,1
4434,0,0,4,1
4435,0,0,4,2
4436,0,0,4,1
4437,0,0,4,1
4438,0,0,4,1
4439,0,0,4,1
4440,0,0,4,1
4441,0,0,4,2
4442,0,0,4,1
4443,0,0,4,2
4444,0,0,4,2
4445,0,0,4,1
4446,0,0,4,1
4447,0,0,4,2
4448,0,0,4,2
4449,0,0,4,2
4450,0,0,4,1
4451,0,0,4,2
4452,0,0,4,1
4453,0,0,4,1
4454,0,0,4,2
4455,0,0,4,1
4456,0,0,4,0
4457,0,0,4,1
4458,0,0,4,2
4459,0,0,4,1
4460,0,0,4,1
4461,0,0,4,2
4462,0,0,4,1
4463,0,0,4,2
4464,0,0,4,1
4465,0,0,4,1
4466,0,0,4,1
4467,0,0,4,2
4468,0,0,4,1
4469,0,0,4,2
4470,0,0,4,1
4471,0,0,4,2
4472,0,0,4,1
4473,0,0,4,2
4474,0,0,4,1
4475,0,0,4,1
4476,0,0,4,2
4477,0,0,4,1
4478,0,0,4,2
4479,0,0,4,1
4480,0,0,4,1
4481,0,0,4,2
4482,0,0,4,2
4483,0,0,4,2
4484,0,0,4,2
4485,0,0,4,1
4486,0,0,4,1
4487,0,0,4,1
4488,0,0,4,2
4489,0,0,4,1
4490,0,0,4,1
4491,0,0,4,1
4492,0,0,4,1
4493,0,0,4,2
4494,0,0,4,2
4495,0,0,4,1
4496,0,0,4,1
4497,0,0,4,1
4498,0,0,4,1
4499,0,0,3,1
4500,0,0,3,2
4501,0,0,3,0
4502,0,0,3,2
4503,0,0,2,2
4504,0,0,2,2
4505,0,0,4,1
4506,0,0,1,2
4507,0,0,1,1
4508,0,0,1,1
4509,0,0,1,1
4510,1,0,4,1
4511,1,0,4,1
4512,1,0,4,1
4513,1,0,4,2
4514,1,0,4,2
4515,1,0,4,2
4516,1,0,4,1
4517,1,0,4,1
4518,1,0,4,2
4519,1,0,4,2
4520,1,0,4,1
4521,1,0,4,2
4522,1,0,4,2
4523,1,0,4,2
4524,0,0,4,1
4525,0,0,4,2
4526,0,0,4,1
4527,0,2,4,2
4528,0,2,4,1
4529,0,0,4,1
4530,0,0,4,1
4531,0,0,4,2
4532,0,0,4,2
4533,0,0,4,1
4534,0,0,4,2
4535,0,0,4,1
4536,0,0,4,1
4537,0,0,4,1
4538,0,0,4,2
4539,0,0,4,1
4540,0,0,4,2
4541,0,0,4,2
4542,0,2,4,2
4543,0,2,4,1
4544,0,2,4,2
4545,0,2,4,2
4546,0,2,4,1
4547,0,2,4,2
4548,0,0,4,1
4549,0,0,4,1
4550,0,0,4,2
4551,0,0,4,2
4552,0,0,4,1
4553,0,0,4,1
4554,0,0,4,1
4555,0,2,4,2
4556,0,2,4,2
4557,0,2,4,1
4558,0,0,4,2
4559,0,0,4,2
4560,0,0,4,2
4561,0,2,4,1
4562,0,2,4,2
4563,0,0,4,2
4564,0,0,4,2
4565,0,0,4,1
4566,0,0,4,1
4567,1,0,4,2
4568,1,2,4,2
4569,1,0,4,2
4570,0,1,4,2
4571,0,1,4,1
4572,0,1,4,2
4573,0,1,4,2
4574,0,1,4,2
4575,0,1,4,2
4576,0,1,4,1
4577,0,1,4,2
4578,0,1,4,1
4579,0,1,4,2
4580,0,1,4,2
4581,0,1,4,0
4582,0,1,4,0
4583,0,1,4,2
4584,0,1,4,1
4585,0,1,4,2
4586,0,1,4,2
4587,0,1,4,1
4588,1,0,4,1
4589,0,3,4,1
4590,0,3,4,1
4591,0,1,4,2
4592,0,1,4,1
4593,0,3,4,1
4594,0,3,4,1
4595,0,3,4,1
4596,0,3,4,2
4597,0,3,4,2
4598,1,3,4,2
4599,0,3,4,2
4600,0,3,4,2
4601,0,1,4,2
4602,0,1,4,2
4603,0,1,4,2
4604,0,1,4,1
4605,0,1,4,1
4606,0,1,4,2
4607,0,1,4,2
4608,0,1,4,1
4609,0,1,4,1
4610,0,1,4,1
4611,0,1,4,2
4612,0,1,4,1
4613,0,1,4,2
4614,0,1,4,1
4615,0,1,4,1
4616,0,1,4,1
4617,0,1,4,1
4618,0,1,4,2
4619,0,3,4,1
4620,0,3,4,2
4621,0,3,4,1
4622,0,0,4,1
4623,0,3,4,1
4624,0,3,4,2
4625,0,3,4,0
4626,0,3,4,1
4627,0,3,4,2
4628,0,3,4,2
4629,0,3,4,1
4630,0,3,4,2
4631,0,3,4,2
4632,0,3,4,1
4633,0,1,1,1
4634,0,1,1,1
4635,0,1,1,2
4636,0,1,1,1
4637,0,0,4,1
4638,1,1,4,2
4639,1,1,4,1
4640,1,1,4,1
4641,1,3,4,1
4642,1,3,4,2
4643,1,3,4,2
4644,1,3,4,2
4645,1,3,4,2
4646,1,3,4,1
4647,1,3,4,1
4648,1,3,4,2
4649,1,3,4,0
4650,1,3,4,1
4651,1,3,4,2
4652,1,3,4,2
4653,1,3,4,1
4654,1,3,4,2
4655,1,3,4,1
4656,1,3,4,2
4657,1,3,4,1
4658,1,3,4,1
4659,1,3,4,2
4660,1,3,4,2
4661,1,3,4,1
4662,0,3,4,2
4663,1,3,4,2
4664,1,1,4,1
4665,1,3,4,1
4666,1,1,4,1
4667,1,3,4,1
4668,1,3,4,2
4669,1,3,4,1
4670,0,1,0,1
4671,0,1,0,1
4672,0,1,0,2
4673,0,1,0,2
4674,0,1,1,1
4675,0,1,1,2
4676,0,1,1,2
4677,0,1,1,2
4678,0,1,1,0
4679,0,0,4,1
4680,0,3,4,1
4681,0,3,4,1
4682,0,3,4,1
4683,0,3,4,2
4684,0,3,4,1
4685,0,3,4,1
4686,0,3,4,2
4687,0,3,4,2
4688,0,0,4,1
4689,0,3,4,2
4690,0,3,4,2
4691,0,3,4,1
4692,0,3,4,2
4693,0,3,4,1
4694,0,0,4,1
4695,0,3,4,2
4696,0,0,4,2
4697,0,0,4,1
4698,1,0,4,1
4699,0,3,4,1
4700,0,0,4,1
4701,1,0,4,2
4702,1,3,4,2
4703,0,0,4,1
4704,1,0,4,1
4705,0,0,4,2
4706,0,0,4,1
4707,0,0,4,2
4708,0,0,4,1
4709,0,0,4,1
4710,0,0,4,1
4711,1,3,4,1
4712,1,3,4,1
4713,1,3,4,2
4714,1,0,4,1
4715,1,3,4,1
4716,1,0,4,1
4717,1,0,4,2
4718,1,0,4,1
4719,1,0,4,1
4720,1,3,4,2
4721,1,3,4,1
4722,1,0,4,2
4723,1,0,4,2
4724,1,0,4,2
4725,1,0,4,1
4726,1,0,4,1
4727,1,0,4,2
4728,1,0,4,1
4729,1,0,4,2
4730,1,0,4,2
4731,1,0,4,1
4732,1,0,4,1
4733,1,0,4,2
4734,1,0,4,2
4735,1,0,4,2
4736,1,0,4,2
4737,1,0,4,1
4738,1,0,4,1
4739,1,0,4,2
4740,1,0,4,2
4741,1,0,4,2
4742,1,0,4,2
4743,1,0,4,2
4744,1,0,4,2
4745,1,0,4,1
4746,1,0,4,2
4747,1,0,4,1
4748,1,0,4,2
4749,1,0,4,1
4750,1,0,4,2
4751,1,0,4,1
4752,1,0,4,2
4753,1,0,4,1
4754,1,0,4,0
4755,1,0,4,2
4756,1,0,4,1
4757,1,0,0,2
4758,1,0,0,1
4759,1,0,4,1
4760,1,0,4,2
4761,1,0,4,1
4762,1,0,4,2
4763,1,0,4,1
4764,1,0,4,2
4765,1,0,4,2
4766,1,0,4,1
4767,1,0,4,1
4768,1,0,4,2
4769,1,0,4,2
4770,0,3,4,1
4771,1,0,4,1
4772,1,0,4,2
4773,1,0,4,2
4774,1,0,4,1
4775,1,0,4,2
4776,1,0,4,1
4777,1,0,4,2
4778,1,0,4,2
4779,0,0,4,1
4780,0,0,4,1
4781,0,0,4,2
4782,0,0,4,2
4783,0,0,4,1
4784,0,0,4,1
4785,0,0,4,1
4786,0,0,4,2
4787,0,0,4,1
4788,0,0,4,0
4789,0,0,4,2
4790,0,0,4,2
4791,0,0,4,2
4792,0,0,4,1
4793,0,0,4,2
4794,0,0,4,2
4795,0,0,4,1
4796,0,0,4,1
4797,0,0,4,1
4798,0,0,4,2
4799,0,0,4,1
4800,0,0,4,2
4801,0,0,4,2
4802,0,0,4,1
4803,0,0,4,2
4804,0,0,4,1
4805,0,0,4,1
4806,0,0,4,2
4807,0,0,4,1
4808,0,0,4,2
4809,0,0,4,2
4810,0,0,4,2
4811,0,0,4,1
4812,0,0,4,1
4813,0,0,4,2
4814,0,0,4,1
4815,0,0,4,1
4816,0,0,4,2
4817,0,0,4,1
4818,0,0,4,1
4819,0,0,4,2
4820,0,0,4,1
4821,0,0,4,1
4822,0,0,4,2
4823,0,0,4,1
4824,0,0,4,2
4825,0,0,4,1
4826,0,0,4,2
4827,0,0,4,1
4828,0,0,4,1
4829,0,0,4,1
4830,0,0,4,1
4831,0,0,4,1
4832,1,0,4,2
4833,0,0,4,2
4834,0,0,4,1
4835,0,0,4,1
4836,0,0,4,2
4837,0,0,4,1
4838,0,0,4,2
4839,0,0,4,1
4840,0,0,4,1
4841,0,0,4,2
4842,0,0,4,1
4843,0,0,4,1
4844,0,0,4,2
4845,0,0,4,1
4846,0,0,4,1
4847,0,0,4,2
4848,0,0,4,1
4849,0,0,4,2
4850,0,0,4,2
4851,0,0,4,1
4852,0,0,4,1
4853,0,0,4,1
4854,0,0,4,1
4855,0,0,4,1
4856,0,0,4,1
4857,0,0,4,2
4858,0,0,4,1
4859,0,0,4,2
4860,0,0,4,1
4861,0,0,4,2
4862,0,0,4,1
4863,0,0,4,2
4864,0,0,4,2
4865,0,0,4,2
4866,0,0,4,1
4867,0,0,4,2
4868,0,0,4,2
4869,0,0,4,1
4870,0,0,4,1
4871,0,0,4,1
4872,0,0,4,1
4873,0,0,4,2
4874,0,0,4,2
4875,1,0,4,2
4876,0,0,4,1
4877,0,0,4,2
4878,0,0,4,2
4879,0,0,4,1
4880,0,0,4,2
4881,0,0,4,1
4882,0,0,4,2
4883,0,0,4,1
4884,0,0,4,1
4885,0,0,4,2
4886,0,0,4,1
4887,0,0,4,2
4888,0,0,4,2
4889,0,0,4,2
4890,0,0,4,1
4891,0,0,4,2
4892,0,0,4,2
4893,0,0,4,1
4894,0,0,4,2
4895,0,0,4,2
4896,0,0,3,1
4897,0,0,4,1
4898,0,0,4,1
4899,0,0,4,2
4900,0,0,4,1
4901,0,0,4,2
4902,0,0,4,2
4903,0,0,4,1
4904,0,0,4,1
4905,0,0,4,2
4906,0,0,4,1
4907,0,0,4,1
4908,0,0,4,1
4909,0,0,4,1
4910,0,0,4,2
4911,0,0,4,2
4912,0,0,4,2
4913,0,0,4,1
4914,0,0,4,2
4915,0,0,4,2
4916,0,0,4,1
4917,0,0,4,1
4918,0,0,4,1
4919,0,0,4,2
4920,0,0,4,2
4921,0,0,4,1
4922,0,0,4,1
4923,0,0,4,0
4924,0,0,4,1
4925,0,0,4,2
4926,0,0,4,2
4927,0,0,4,1
4928,0,0,4,1
4929,0,0,4,1
4930,0,0,4,1
4931,0,0,4,2
4932,0,0,4,1
4933,0,0,4,2
4934,0,0,4,1
4935,0,0,4,1
4936,0,0,4,2
4937,0,0,4,1
4938,0,0,4,1
4939,0,0,4,1
4940,0,0,4,1
4941,0,0,4,2
4942,0,0,4,1
4943,0,0,4,2
4944,0,0,4,1
4945,0,0,4,2
4946,0,0,4,2
4947,0,0,4,1
4948,0,0,4,2
4949,0,0,4,1
4950,0,0,4,2
4951,0,0,4,1
4952,0,0,4,1
4953,0,0,4,2
4954,0,0,4,2
4955,0,0,4,1
4956,0,0,4,1
4957,0,0,4,2
4958,0,0,4,1
4959,0,0,4,1
4960,0,0,4,2
4961,0,0,4,1
4962,0,0,4,2
4963,0,0,4,2
4964,0,0,4,2
4965,0,0,4,1
4966,0,0,4,2
4967,0,0,4,2
4968,0,0,4,1
4969,0,0,4,2
4970,0,0,4,1
4971,0,0,4,2
4972,0,0,4,1
4973,0,0,4,2
4974,0,0,4,2
4975,0,0,4,1
4976,0,0,4,2
4977,0,0,4,1
4978,0,0,4,1
4979,0,0,4,1
4980,0,0,4,1
4981,0,0,4,1
4982,0,0,4,2
4983,0,0,4,1
4984,0,0,4,2
4985,0,0,4,1
4986,0,0,4,1
4987,0,0,4,1
4988,0,0,4,2
4989,0,0,4,2
4990,0,0,4,2
4991,0,0,4,1
4992,0,0,4,1
4993,0,0,4,1
4994,0,0,4,1
4995,0,0,4,1
4996,0,0,4,1
4997,0,0,4,2
4998,0,0,4,1
4999,0,0,4,2
5000,0,0,4,1
5001,0,0,4,2
5002,0,0,4,2
5003,0,0,4,1
5005,0,0,4,1
5006,0,0,4,1
5007,0,0,4,2
5008,0,0,4,1
5009,0,0,4,2
5010,0,0,4,1
5011,0,0,4,2
5012,0,0,4,1
5013,0,0,4,2
5014,0,0,4,2
5015,0,0,4,1
5016,0,0,4,2
5017,0,0,4,1
5018,0,0,4,1
5019,0,0,4,2
5020,0,0,4,1
5021,0,0,4,2
5022,0,0,4,1
5023,0,0,4,1
5024,0,0,4,1
5025,0,0,4,2
5026,0,0,4,1
5027,0,0,4,2
5028,0,0,4,0
5029,0,0,4,1
5030,0,0,4,1
5031,0,0,4,2
5032,0,0,4,2
5033,0,0,4,1
5034,0,0,4,1
5035,0,0,4,1
5036,0,0,4,2
5037,0,0,4,1
5038,0,0,4,1
5039,0,0,4,2
5040,0,0,4,2
5041,0,0,4,1
5042,0,0,4,2
5043,0,0,4,1
5044,0,0,4,2
5045,0,0,4,1
5046,0,0,4,1
5047,0,0,4,2
5048,0,0,4,1
5049,0,0,4,1
5050,0,0,4,1
5051,0,0,4,2
5052,0,0,4,1
5053,0,0,4,1
5054,0,0,4,1
5055,0,0,4,2
5056,0,0,4,2
5057,0,0,4,1
5058,0,0,4,2
5059,0,0,4,2
5060,0,0,4,2
5061,0,0,4,1
5062,0,0,4,2
5063,0,0,4,1
5064,0,0,4,1
5065,0,0,4,2
5066,0,0,4,1
5067,0,0,4,1
5068,0,0,4,2
5069,0,0,4,1
5070,0,0,4,2
5071,0,0,4,1
5072,0,0,4,2
5073,0,0,4,1
5074,0,0,4,1
5075,0,0,4,2
5076,0,0,4,1
5077,0,0,4,2
5078,0,0,4,2
5079,0,0,3,2
5080,0,0,2,1
5081,0,0,2,2
5082,0,0,0,1
5083,0,0,0,1
5084,0,0,4,2
5085,0,0,4,2
5086,0,0,4,1
5087,0,0,0,1
5088,0,0,4,2
5089,0,0,0,2
5090,0,0,0,2
5091,1,0,4,2
5092,0,0,2,2
5093,0,0,2,2
5094,0,0,0,1
5095,0,0,0,2
5096,0,0,0,1
5097,0,0,2,1
5098,0,0,1,1
5099,0,0,1,2
5100,0,0,1,1
5101,0,0,1,2
5102,0,0,1,1
5103,0,0,1,1
5104,0,0,1,2
5105,0,0,1,2
5106,0,0,1,1
5107,0,0,1,2
5108,0,0,1,2
5109,0,0,1,1
5110,0,0,2,1
5111,0,0,1,2
5112,0,0,1,2
5113,0,0,4,1
5114,1,0,4,2
5115,1,0,4,2
5116,1,0,4,2
5117,1,0,4,2
5118,1,0,4,2
5119,1,0,4,2
5120,1,0,4,1
5121,1,0,4,0
5122,1,0,4,1
5123,1,0,4,2
5124,1,0,4,1
5125,1,0,4,2
5126,1,0,4,2
5127,1,0,4,2
5128,1,0,4,2
5129,1,0,4,1
5130,1,0,4,2
5131,1,0,4,1
5132,1,0,4,2
5133,1,0,4,1
5134,1,0,4,2
5135,1,0,4,1
5136,1,0,4,1
5137,1,0,4,1
5138,1,0,4,2
5139,1,0,4,2
5140,1,0,4,2
5141,1,0,4,2
5142,1,0,4,2
5143,1,0,4,1
5144,1,0,4,1
5145,1,0,4,2
5146,1,0,4,2
5147,1,0,4,2
5148,1,0,4,2
5149,1,0,4,1
5150,1,0,4,2
5151,1,0,4,2
5152,1,0,4,2
5153,1,0,4,1
5154,1,0,4,2
5155,1,0,4,1
5156,1,0,4,2
5157,1,0,4,0
5158,1,0,4,1
5159,1,0,4,1
5160,1,0,4,2
5161,1,0,4,1
5162,1,0,4,2
5163,1,0,4,1
5164,1,0,4,2
5165,1,0,4,1
5166,1,0,4,2
5167,1,0,4,2
5168,1,0,4,2
5169,1,0,4,1
5170,1,0,4,2
5171,1,0,4,2
5172,1,0,4,2
5173,1,0,4,2
5174,1,0,4,2
5175,1,0,4,1
5176,1,0,4,2
5177,1,0,4,2
5178,1,0,4,2
5179,1,0,4,2
5180,1,0,4,2
5181,1,0,4,1
5182,1,0,4,2
5183,1,0,4,2
5184,1,0,4,1
5185,1,0,4,2
5186,1,0,4,2
5187,1,0,4,1
5188,1,0,4,1
5189,1,0,4,2
5190,1,0,4,1
5191,1,0,4,1
5192,1,0,4,2
5193,1,0,4,2
5194,1,0,4,2
5195,1,0,4,2
5196,1,0,4,2
5197,1,0,4,2
5198,1,0,4,2
5199,1,0,4,2
5200,1,0,4,1
5201,1,0,4,2
5202,1,0,4,2
5203,1,0,4,2
5204,1,0,4,2
5205,1,0,4,2
5206,1,0,4,2
5207,1,0,4,2
5208,1,0,4,1
5209,1,0,4,1
5210,1,0,4,1
5211,1,0,4,2
5212,1,0,4,2
5213,1,0,4,1
5214,1,0,4,2
5215,1,0,4,2
5216,1,0,4,2
5217,1,0,4,2
5218,1,0,4,2
5219,1,0,4,2
5220,1,0,4,1
5221,1,0,4,2
5222,1,0,4,2
